5000
4268 1814 328
2461 3031 366
1401 3051 983
1106 1413 137
4443 1522 170
2402 4558 816
397 1892 541
1162 3415 820
2450 3444 777
2994 3773 8
187 1385 398
433 4824 654
2693 3552 456
1812 3803 319
3212 1902 881
1121 3131 908
1475 3888 332
3171 817 536
3869 3074 840
4478 2660 716
4145 2191 462
4386 856 826
1365 1663 861
2873 1281 170
4915 1062 661
3708 3772 847
4054 2719 335
2512 1238 150
3121 2285 654
4787 2489 378
3279 4039 144
2446 3809 170
4019 1570 214
1766 788 211
917 3206 910
2271 1189 821
4129 4596 826
2964 887 303
3034 4100 157
1854 1251 774
3750 749 743
1914 3251 38
3654 4424 828
278 1125 326
484 1230 870
2287 3469 191
3149 7 158
3777 4265 524
3768 2459 428
2522 2060 905
1767 1898 398
3928 2862 808
48 2999 175
2403 3536 580
1974 161 655
4522 2554 324
2641 3364 902
2539 1367 434
3321 3473 555
1497 3326 932
1709 1290 641
2217 3423 359
2711 4712 395
997 7 674
3860 1243 217
3876 4671 516
3117 4582 419
2760 3298 940
1975 4011 907
304 3877 149
1794 472 69
2537 745 741
4657 3923 754
1389 2867 21
2387 3955 782
4007 1828 915
2396 4943 621
2150 3490 661
1224 4493 770
4013 2811 696
477 2492 993
1370 4732 485
3791 1651 92
2593 1966 610
1051 2700 787
643 431 587
1711 6 866
4729 3102 718
2602 968 51
1504 2682 453
1745 3562 297
2712 4546 376
817 3472 713
543 2186 702
4280 2229 443
2988 3663 643
1478 2171 797
3695 4464 860
3557 2773 849
1413 2944 1
521 4763 913
562 4535 295
1324 2872 220
1346 2365 916
3412 850 436
2540 3284 575
3593 107 278
2896 3148 809
256 1166 656
4134 2417 118
688 4472 455
325 2205 960
786 3317 474
2255 1287 299
729 1736 278
853 2445 776
3640 690 190
2073 4814 515
161 2339 192
1873 2016 737
3670 3198 802
366 4205 705
3563 1759 454
1947 4530 54
2884 949 614
965 1208 362
4525 3604 809
371 1223 134
87 1464 57
3720 4604 726
2049 498 599
2591 2767 868
2818 3749 707
4900 219 332
3659 4328 187
3238 3517 937
4247 1502 341
4541 1454 529
2311 390 824
2300 2187 623
762 2168 390
1968 1448 740
3666 1456 812
806 3672 629
1331 4311 32
4914 1672 439
1742 95 459
1913 3885 243
2033 3950 437
2667 560 530
2720 1847 440
4263 2735 82
3396 669 883
1514 3735 579
1927 1689 877
4297 2504 362
3645 4564 465
1769 3961 495
4943 2386 96
3652 4688 124
443 2815 893
98 4766 83
3835 608 681
3499 2645 279
3767 3628 326
1353 2218 237
1891 4782 866
3587 1711 362
3416 4044 469
1735 1236 385
3863 3043 41
4919 1103 703
3850 3518 218
373 396 4
826 1132 707
756 3288 614
3356 1670 357
4427 2977 940
1373 483 851
2334 3379 277
936 3111 373
3145 3823 945
1802 1239 173
4214 4037 3
2622 2735 245
2436 3511 39
3988 2004 938
445 2958 954
2164 3577 238
4879 1946 280
1849 304 281
2211 4561 764
1581 1950 651
4346 665 1
452 4839 134
1443 30 924
42 2955 332
1697 1078 252
3312 3303 840
2840 46 294
2470 3216 654
985 4521 631
4199 4523 605
343 3068 608
3335 4189 360
3608 3072 727
3033 3329 705
3870 3193 971
3142 4669 957
3011 2385 116
2536 1597 162
2073 1607 343
1030 2025 101
1744 385 419
3624 2090 798
3772 527 46
361 883 242
1737 611 515
4046 3661 119
3877 4606 461
1808 3645 159
2039 3248 103
253 3393 877
814 3726 739
3241 645 346
2212 2947 180
1572 106 880
85 2762 216
2824 3474 459
3968 1876 969
2199 1436 765
3935 1699 151
2744 3222 415
878 1351 428
1377 52 917
3124 181 716
2201 2421 847
1991 1379 834
3321 2186 937
2437 4583 167
1918 2971 473
747 3389 120
4991 267 428
125 3113 315
2910 723 292
4579 996 51
2443 3243 242
4033 1991 705
548 4347 899
3650 1701 736
3636 3752 129
1796 628 562
453 30 279
4646 60 329
2822 916 254
15 743 490
208 4521 764
4802 758 747
4444 1013 948
2847 4063 572
3798 2070 66
1298 1411 781
1327 1883 997
2474 1751 624
1317 2592 170
1462 472 772
2603 3329 763
1179 1840 237
1593 2877 687
656 1018 407
943 4458 1000
764 2766 176
2726 3786 971
4751 1937 478
4561 1547 537
1231 1599 179
1895 4797 202
2356 1479 321
2372 4318 943
3895 3426 374
3828 2204 703
1235 563 759
3551 1401 338
4694 2584 47
3952 1681 927
3527 4198 982
2854 3395 848
2564 1118 428
1151 276 330
2761 2157 939
4665 4219 497
4634 3886 728
4045 4016 327
4482 1802 403
3076 2168 613
2998 2743 872
2728 4868 459
1186 1438 352
4773 1951 774
531 4890 673
2482 2597 158
2685 4619 402
2251 1129 877
4431 911 812
1416 35 523
1718 1568 911
2494 4943 11
4706 3186 593
3199 2517 596
1132 4598 406
1291 4362 152
1697 583 243
503 374 770
4845 1695 357
1866 4943 197
746 482 977
2917 444 875
3732 4040 708
4833 1052 328
3721 1407 341
21 2414 836
1339 4150 168
22 801 20
1310 2402 629
3302 4577 419
4680 931 743
2006 4320 136
3217 4883 824
4777 756 83
123 1270 423
2108 4718 287
2534 2611 984
1332 1235 172
4877 2276 358
2115 3566 868
1518 1361 320
3359 1152 586
2777 1736 215
1388 3237 589
1138 4752 959
1573 4451 764
365 2092 511
2909 3023 777
1482 4269 928
1843 2999 679
2292 876 870
4449 378 307
1363 790 981
2778 2166 573
3552 3775 359
2472 4082 108
3619 688 82
1657 4808 874
4038 2069 853
2087 1652 510
4035 108 804
476 4767 121
132 756 758
2933 2575 453
2243 2165 555
3734 3829 641
1268 1734 588
3614 2680 596
1174 2072 644
668 3661 489
4051 1671 130
2194 3296 501
3636 1163 637
1402 2838 859
50 2686 908
2799 373 203
2464 3278 497
1566 1899 59
3113 3458 175
3732 3961 463
2414 1242 175
4950 97 737
1763 3904 197
4615 2773 246
366 4504 613
4330 1328 779
4603 2389 203
4102 2861 592
3069 3509 706
1847 1215 228
4831 3946 894
285 3239 687
1953 3075 24
526 4964 238
932 956 670
4747 4073 267
3740 3690 657
3315 4975 408
4861 159 764
635 4089 783
4732 2260 424
1136 62 816
2469 2564 549
257 3769 664
2019 3038 244
2920 4422 706
271 2886 763
3091 3257 876
1678 3913 598
3370 1891 207
100 3943 404
807 4293 179
2121 4375 545
1685 775 578
4239 4905 996
942 2653 752
3400 871 948
354 2668 963
2214 1240 423
3748 1554 285
2760 1679 290
2308 1289 582
4195 3936 271
1824 2933 957
1096 4409 908
3272 3961 889
686 2030 363
4762 2771 397
865 4927 780
289 529 817
1319 4050 942
717 1501 478
495 4835 758
94 4262 327
3905 2305 852
85 241 396
1296 3837 372
1060 857 12
2042 1412 792
2210 2945 63
3302 3143 653
2209 3511 815
1237 3378 895
993 2200 805
1676 1964 338
2333 2005 677
20 418 867
4032 2615 995
2951 4269 757
2355 2932 202
3617 3312 871
1528 1204 257
2112 666 553
1396 4660 610
4242 102 627
2956 2519 155
2361 2309 17
1908 3761 44
1538 1747 941
667 3211 110
4065 3034 267
4026 3079 449
4901 4474 870
2627 4801 164
1573 1862 894
1069 3497 235
1659 1232 321
2872 2245 897
1245 4369 474
2816 98 764
233 3117 404
2010 3906 238
429 1716 507
4708 4028 206
2975 801 450
3929 1294 576
180 86 666
3005 1030 178
4818 2974 826
88 4698 817
3952 4516 400
4375 1128 410
455 1314 700
1816 239 125
2865 1558 221
860 316 977
4299 436 974
721 4587 188
2108 4733 509
4628 611 290
77 3209 890
3206 1154 726
3675 4113 2
999 222 706
558 4946 494
3500 2540 588
364 879 979
4975 961 470
4565 834 769
714 1672 30
1114 2545 913
2338 4619 766
4418 4463 380
3415 1570 454
410 887 801
4447 855 502
4338 4066 456
515 2522 800
1664 2022 52
1184 2617 80
936 2552 799
3463 1587 127
3136 1229 465
3848 1923 287
2932 1170 143
4506 617 543
870 4268 115
3247 4564 546
3627 769 935
4527 568 940
2185 458 26
2730 4984 695
4187 3617 690
3705 3577 690
3211 2813 279
3560 4916 565
1423 4309 363
3716 1228 355
2408 1671 32
3471 4578 833
4281 3895 336
3605 1131 131
2946 263 645
2293 4579 971
4783 2335 114
2720 1677 471
2059 2197 769
3487 2573 668
4516 2745 944
121 4688 850
3858 4731 705
358 4335 533
3531 135 726
3197 2999 371
3703 4857 587
144 3588 500
1059 4153 912
703 3057 683
4534 1981 553
544 4461 413
4670 1347 786
313 1596 901
2545 4655 159
3690 4221 742
591 1954 318
1751 889 632
1265 4379 655
4682 4969 986
243 978 302
4327 4549 23
3950 2576 125
4387 4563 92
2855 1326 835
4866 1299 631
4960 934 577
1004 2244 626
1625 642 405
4699 2290 761
3527 1840 200
660 1653 59
3220 2363 658
1472 548 400
4333 3401 43
4214 1989 32
1969 1354 926
4993 3447 354
13 2485 419
4156 3704 531
1489 1885 717
446 3535 154
4138 2115 323
3928 90 872
472 1723 699
1869 4506 101
1378 1007 549
3452 4712 856
3514 2143 16
2287 3972 270
2393 1924 395
2274 2461 641
4664 4682 469
3121 1515 848
3391 1147 315
2307 773 252
2177 4635 292
3730 1515 259
4972 4690 904
4791 2363 755
3147 2857 817
4848 2116 928
3162 1179 432
1370 1021 445
601 281 75
659 1683 396
2071 3283 741
4166 4647 333
3861 1567 328
31 3282 264
165 64 891
3857 2091 396
2873 1463 261
1580 2672 577
4430 4878 929
1087 524 265
2623 1931 462
1537 3470 472
3414 4904 380
3582 58 932
376 4835 977
4204 1798 935
2701 3692 246
633 475 982
1163 1458 774
2044 160 349
4466 2148 547
2495 3479 244
1694 3430 969
1299 3840 780
824 1066 249
3042 2012 497
4303 3739 204
3662 2925 717
1227 4839 349
48 2952 271
1081 1523 477
1707 982 873
306 4644 60
199 317 213
464 1820 424
4249 2577 510
76 1149 884
3924 2228 399
1889 4032 310
2923 2828 516
3734 2518 823
1306 944 823
774 4052 770
4607 4742 822
291 1316 974
4386 3053 104
1326 485 115
3459 1616 708
2077 4096 110
3078 3358 336
707 4533 766
4554 4744 299
2699 2278 854
3571 783 383
1209 4407 612
2214 4451 95
268 2392 860
3566 1836 669
3008 3679 452
457 3203 417
4456 3926 819
1063 1966 584
3624 4069 471
3792 3882 985
4802 3287 521
3454 2840 435
1022 3776 406
1293 2778 607
3230 2802 721
1266 1103 630
4010 698 79
2210 3123 943
4209 2076 72
1850 2588 341
3044 353 292
2787 1185 38
2255 3576 46
1367 2848 765
4455 2482 50
1993 3310 305
4346 1034 599
2222 2352 970
4111 4779 416
219 4862 375
3850 988 919
3196 198 932
2984 544 189
3161 2163 424
4714 2490 915
2453 90 440
4315 1697 304
1963 613 332
1805 3208 602
4359 2383 660
3471 3412 330
2688 788 292
2987 1084 110
2543 2127 852
896 2579 881
2675 1492 45
4215 2863 40
3689 3985 433
1991 567 688
2402 1333 2
4414 2965 799
712 893 324
4012 2167 344
3265 2647 58
4736 2198 521
1381 2220 366
1498 2805 771
2878 1972 449
1017 4158 317
4754 1986 528
3783 1526 204
856 4735 838
951 1360 803
1809 4323 423
423 3126 687
592 1134 103
1006 185 809
3067 3951 848
585 3346 183
4515 549 406
2116 2157 239
3637 3286 798
2702 268 909
1382 3101 440
508 4294 850
2908 2322 188
26 4779 654
227 4769 163
3850 4976 760
2742 2555 875
1024 94 961
4725 2466 466
3648 267 173
3735 680 185
4944 3678 282
548 2501 34
4090 2305 225
960 725 664
1084 3006 931
1705 3582 70
3764 4535 797
4087 2007 487
3090 4298 404
232 3140 430
3365 4237 917
180 2721 150
536 3551 741
1269 958 698
2516 10 403
4544 4094 527
3711 1383 772
3215 1445 182
2115 2820 664
4284 4399 463
2573 4314 612
2234 4619 42
1895 952 549
2427 2533 729
212 3733 343
3025 1176 333
1543 1961 124
4889 1890 912
3898 2498 735
1974 4399 689
4302 4308 245
2796 2521 469
1290 3474 991
4273 574 610
2464 1001 59
2561 1836 849
3927 3320 656
4541 4711 522
4243 3068 266
149 4673 633
1465 3367 310
3344 3 411
1534 1740 933
178 2930 521
2507 3707 666
2946 896 454
3750 1859 952
2236 4412 328
3414 3859 158
2719 1119 584
2941 3935 689
566 3914 35
4998 2304 515
755 174 891
2670 1900 897
4724 1920 795
3024 3273 298
4466 3089 513
1060 1574 861
1459 1579 735
2085 2270 467
4540 271 770
2415 684 180
429 3693 659
1720 2788 212
2016 1618 138
1927 2034 223
4623 4362 159
2535 1136 744
4999 2663 11
2082 2093 331
402 678 197
869 824 31
2893 2951 6
4032 3224 248
4149 362 216
1501 2986 657
4768 4312 819
1732 2101 131
2667 100 534
1158 4983 287
2245 407 522
554 3004 933
468 1540 348
3366 259 393
3940 4695 189
3091 1451 474
4801 4731 415
425 4701 739
1540 2173 471
2493 4013 164
963 1603 373
1915 4679 445
4456 3686 424
158 1849 263
1070 2897 553
3203 4294 785
4602 1525 172
2203 2867 818
1518 4979 893
766 2900 227
1759 1658 26
1418 1365 15
822 4000 819
4139 2703 733
1300 2312 272
2717 4256 811
1394 4162 51
1430 3819 410
1244 431 773
3388 1980 33
4329 319 855
1028 806 716
3495 93 29
4878 2224 934
349 3901 717
1741 190 254
3539 3317 923
2590 4336 462
2147 1817 62
1954 190 238
1183 47 17
4784 3464 511
1174 1247 519
155 3254 131
933 1858 946
4826 4629 592
2246 483 777
1996 4738 726
1556 1433 116
3918 172 843
4575 2953 924
3030 4850 375
1275 2093 898
3159 1059 689
2976 1123 679
2329 1541 496
262 2161 145
1395 3070 459
4084 4419 430
1116 1174 676
4068 1442 645
148 4395 456
3608 3672 383
530 1050 391
1825 3297 912
1751 2853 640
2552 2350 910
1924 795 73
3168 2353 704
2113 3471 681
3151 2120 502
2977 543 99
4399 2565 262
1911 977 609
4414 2846 844
1285 3854 446
2090 2790 963
1140 1221 323
4875 2157 14
162 1539 30
4947 4477 441
922 4970 735
4303 1931 816
976 3449 192
4443 3668 430
3027 377 738
2149 4538 702
3704 2053 173
3641 950 527
1242 77 472
1720 870 216
3337 1707 818
1477 1637 734
2583 3719 779
3710 1723 426
3651 4755 568
3121 4297 937
1323 941 495
3777 4867 754
4158 4973 726
1429 2010 11
1002 4683 744
2325 1330 271
3308 4281 136
1606 3979 581
637 4117 480
2008 1286 317
3040 4880 967
939 1715 210
1889 3055 896
3425 1015 358
942 3706 724
2937 2917 984
3754 3176 58
4233 141 244
1753 134 435
101 2164 471
3597 3313 988
4219 4299 494
799 1159 505
4594 3395 683
74 1923 468
194 4728 469
2852 577 42
4251 2009 174
1501 4585 811
2175 2055 388
2877 4313 661
3887 3947 942
4143 1658 763
2600 3510 666
1676 910 183
807 2447 623
1507 1138 489
2369 2594 960
1487 3640 480
4863 4872 270
823 627 160
3973 1102 336
556 2434 51
2797 883 84
2229 1365 814
1685 218 69
1160 2319 690
4193 3478 632
3243 1643 988
4908 3194 375
1234 3436 850
831 50 167
1142 3618 926
1846 1196 967
4224 4080 719
2340 3653 923
4024 1053 292
1515 3018 163
677 3905 162
3971 1392 550
4186 2283 437
1222 4607 145
1509 1402 797
1949 1445 724
1638 2980 188
911 931 296
1896 4184 259
4384 4082 54
3876 643 240
3153 4449 757
235 796 452
3726 1601 754
1194 1404 416
3443 1020 354
76 3139 355
3976 4903 968
4996 4959 834
3904 1994 711
100 2715 666
3548 669 577
1015 1294 237
2751 3772 227
2477 3011 543
1900 3902 228
3188 1036 706
2489 1264 244
593 2998 618
4767 1581 276
4810 2217 639
2462 1575 325
2676 43 179
1812 3910 521
3990 2828 339
2324 3038 562
109 2777 484
2739 4714 651
3427 621 707
2931 454 30
4765 2043 217
3980 2002 655
2381 3922 25
3504 1255 56
405 1728 196
885 904 603
2808 993 473
4339 2056 559
4053 3648 539
837 1506 427
2357 424 742
4831 2639 422
2625 1178 786
780 4126 883
1093 156 397
1485 3878 406
2820 3568 603
2811 1799 233
2692 2336 469
2385 2630 181
453 3852 530
3658 4300 652
186 1293 475
688 4658 710
2088 3511 495
1532 849 472
2717 3453 954
4336 2902 530
4671 2892 290
2706 4792 452
2878 1600 786
71 3908 252
1986 3419 291
3399 4426 614
1074 3502 929
678 4441 354
208 4263 171
1426 4600 232
2372 2529 685
2742 4048 689
959 1687 252
2294 623 963
3123 2168 674
752 3380 820
4819 1837 529
4616 2969 328
581 1283 907
3963 3084 507
3658 4663 453
4274 4666 780
4508 403 396
3515 2399 301
1882 1325 214
1637 740 545
2685 1420 551
16 1181 935
4753 170 66
2547 961 60
4828 3239 217
3687 412 113
113 67 48
1057 3319 154
4493 1973 11
4434 575 903
385 3643 32
2183 2606 173
3917 2042 205
4980 1273 893
1088 538 485
811 1721 127
4228 362 13
2392 3130 36
2431 89 140
3915 1299 354
2659 212 273
1129 4218 447
898 1582 841
3156 1432 350
1980 274 224
361 559 481
2255 4185 619
2079 3959 615
3629 3049 238
1745 2622 852
3971 4964 856
4898 2385 915
4067 2228 102
2370 3613 880
1628 2451 914
1842 2676 817
4644 3902 436
1765 1409 958
144 1621 48
1702 3275 567
4900 4272 423
4626 3215 980
4436 2825 485
4632 2242 685
2782 2860 892
113 2658 691
2066 2690 819
4612 4219 143
53 2792 287
2190 1938 58
1427 3871 10
2337 2631 818
1328 3865 391
2000 242 73
3423 4246 420
3225 2504 830
4992 4103 900
2137 4677 992
1512 2639 192
2226 1982 162
3501 867 47
4723 128 360
3379 3358 244
2099 894 809
3864 1858 15
679 3311 148
316 2505 491
2299 1413 723
3142 4842 166
427 1289 13
4033 620 398
1476 2837 721
1983 1887 408
2039 2950 840
2959 4088 64
39 1823 936
2069 4519 727
671 4251 316
2894 4898 321
2858 774 409
1386 2247 192
802 506 519
2241 3700 442
3139 2864 650
1688 1272 12
1760 2609 59
4016 629 263
693 3609 27
1124 4061 477
4689 2600 186
392 2863 500
393 4256 899
2719 3338 185
1844 4535 795
3368 714 984
3913 2500 271
4496 111 628
2754 262 695
2604 2947 771
1173 4488 129
409 4092 815
1801 1576 536
2373 3953 400
4291 1749 749
89 3592 654
3497 3874 878
1960 522 126
2548 3698 957
1269 641 895
4026 175 281
330 2119 999
4429 528 451
5000 1283 409
25 2358 858
4201 3037 907
4994 4134 708
1013 3172 715
46 2602 424
3074 4171 42
2790 2426 450
1371 3001 849
1529 406 937
4636 3729 311
3322 974 735
3535 3482 724
1399 2282 100
363 4874 906
4803 1627 219
624 219 298
3313 2322 898
2716 117 401
2812 4255 830
819 2646 75
1815 130 222
3743 334 859
4579 2821 894
3882 1432 988
4296 4684 920
1495 4097 732
4260 826 50
4364 2115 759
4522 1240 45
2321 3092 19
3966 3008 797
3174 2779 795
1746 4618 522
4385 2174 958
4128 4992 157
973 1369 992
4863 1654 173
3285 2502 206
2409 3097 84
1049 1098 498
2836 4073 102
4075 3301 972
2389 1169 133
3483 3426 796
1845 2237 565
1435 2073 529
578 466 617
1940 2474 77
3591 865 679
3802 1277 358
2766 4394 807
4772 317 873
3430 3391 601
3770 49 731
2223 439 86
2763 2110 452
4301 1900 853
4084 3363 607
3449 4838 569
4426 848 608
4038 2429 592
4620 1387 409
1822 509 682
4898 3058 735
4270 1274 462
2860 1410 223
2907 2919 778
655 1342 957
918 520 31
2239 2002 888
301 292 703
1956 3599 563
2052 863 725
1417 1749 607
978 4856 528
3833 990 466
3375 1832 519
2719 481 377
2344 1092 383
1373 632 153
4807 2135 685
2024 2319 757
4440 880 328
114 4872 518
4339 1737 513
4912 3319 965
3174 14 428
190 4638 709
104 1188 749
4457 3678 411
2694 4221 961
1486 4077 209
2551 1957 787
3032 2001 132
1523 697 443
2381 4663 850
2995 1853 905
689 13 890
4343 287 306
1788 1116 633
1745 2503 887
4444 4274 382
4956 1453 335
2146 4244 951
3166 2876 579
499 3006 649
4836 341 282
1277 533 93
4209 3626 202
4917 414 703
1453 3913 934
1975 2268 258
753 4175 922
4511 2880 244
3626 3655 174
2578 760 984
909 258 654
4763 886 150
1936 246 712
243 4719 9
3381 3191 418
3147 1563 514
899 859 341
1115 3867 457
3101 3258 969
3369 4241 176
1787 1412 849
4323 2253 517
2449 4271 543
776 4293 940
3713 3529 607
4358 4462 667
2190 2061 485
3750 1839 951
1976 4990 5
3524 4007 802
3885 2966 955
2856 1104 125
1128 2651 597
407 2625 795
3122 994 429
2377 3055 262
2749 4095 178
4758 3241 289
712 3611 538
2544 3353 206
2669 2567 452
539 1855 552
3462 3371 573
4823 1663 150
2147 24 192
4566 2266 228
331 4161 847
3465 3911 929
3348 128 867
1698 1854 502
4821 2906 665
4256 3888 419
2071 1318 924
8 660 887
4841 111 50
1864 3957 38
3698 591 13
757 2175 556
3501 1245 597
4564 742 775
3203 1588 584
4483 3786 669
68 2367 414
2359 2889 186
3847 835 586
2289 2830 296
4400 2741 144
1853 398 430
2362 275 669
4361 3392 435
1771 1793 538
4271 237 838
1277 4439 656
3408 3511 565
4160 369 606
1440 875 730
3063 2200 254
2068 1117 325
2214 3386 173
510 3112 970
709 4453 901
2822 1441 399
261 4478 922
3741 435 874
4494 1167 181
3202 386 274
1535 1125 545
3104 2214 837
3193 3949 117
908 2195 944
1308 3068 151
2343 4718 285
2898 3250 483
4190 3536 121
2675 2158 772
4850 549 263
70 2910 489
3399 2899 422
4550 4458 546
713 3016 152
4837 1253 783
1139 3353 380
4609 2823 202
890 3817 90
2325 4677 401
4231 4826 755
1230 3656 268
176 3427 159
981 2134 179
458 4079 969
1410 3479 455
2161 903 82
782 2863 954
2802 4319 889
510 3838 954
1177 625 735
3074 3960 939
2281 4058 468
4538 1320 699
2428 4751 199
1683 2419 684
3073 1520 395
1278 384 754
3126 3103 48
1734 2384 123
4197 4181 932
1055 3493 745
203 769 284
605 1981 783
462 3918 915
1779 33 930
2402 3193 331
2959 2293 299
1381 3141 341
1530 4432 369
979 4558 671
2092 3647 467
2856 2582 654
4205 1682 814
1064 2158 656
4646 866 42
4159 1687 277
926 1406 426
1161 1165 671
3404 2922 666
56 4640 36
2492 1379 512
1108 3224 800
522 4332 64
4937 1055 986
1624 3262 985
3969 2815 374
106 4353 557
2401 2136 91
809 1063 639
571 1191 878
2195 984 616
3295 777 355
1437 4954 131
1552 4675 25
160 280 757
1197 2003 719
1955 2850 520
1840 648 227
4207 1946 534
3059 1853 16
3255 1270 209
2852 328 573
4016 2122 363
3181 4704 915
1973 2345 143
4646 3457 302
2078 826 929
1958 4144 776
646 3125 392
376 1086 235
3506 3080 816
672 1084 154
2481 1337 186
222 1521 213
3625 678 219
215 1518 273
204 2268 297
4785 1949 842
2266 3226 653
3390 3376 975
3871 1205 707
2503 1597 107
1520 1837 96
1034 4832 814
4750 1029 99
4255 269 366
2851 1233 410
2694 2747 879
4382 2030 204
2526 4102 238
1595 2775 52
2251 3345 150
3625 4195 40
4234 4239 933
1777 3196 950
945 3797 77
2980 192 310
3809 3723 539
3667 4313 325
4159 803 577
2961 3333 8
4034 3023 294
345 2462 986
3619 300 72
3695 66 195
3992 1979 249
877 1461 853
1632 2791 364
4598 2957 766
1258 4270 942
3097 1544 225
1840 4891 21
2668 3767 980
789 422 27
539 2462 318
1755 3921 608
3401 1258 561
553 4989 782
2095 1222 608
3736 4631 554
546 785 909
4610 994 291
4840 3900 469
232 625 152
1393 4858 966
1427 426 521
3849 2185 875
1201 4809 428
12 2958 471
2369 1582 641
3417 47 448
4770 2006 539
1110 2412 940
4706 2516 973
1992 2800 889
4218 2698 56
3242 1628 13
3725 2765 549
1562 2169 533
2128 2809 958
1407 834 326
1914 4277 126
1809 4749 380
353 339 408
1041 3894 288
2450 3799 997
4540 3099 765
3134 4660 940
2038 2808 122
4173 1319 626
1919 312 826
897 1378 193
652 4994 460
3938 671 311
1585 4115 405
293 3334 678
3598 2966 640
4671 4871 722
3291 3489 371
1395 1776 754
3141 2727 640
3132 692 916
4410 4278 133
4821 614 692
1039 1848 189
859 2146 108
2041 840 943
1621 1449 466
2360 68 634
2479 19 937
3070 4365 784
1501 2552 279
4427 1599 454
745 3212 77
4954 4004 372
435 1939 573
4617 3830 386
2960 4614 215
2488 2818 313
3173 1231 868
2624 4170 617
1693 628 655
786 1644 529
4968 1320 282
3259 3863 44
426 2277 992
2014 1622 506
3674 1109 525
1986 1560 159
4593 4533 395
3459 4338 710
2089 1917 585
855 2804 928
3962 2680 289
4470 4547 173
374 2881 820
4660 399 232
1344 4550 108
3921 1228 891
3556 83 663
4417 2563 405
2063 1204 977
4518 4372 485
2527 3819 584
340 3354 625
2769 1366 141
2831 29 561
2800 2665 969
2509 4179 516
2023 2973 964
2161 3846 437
1896 165 486
4145 1996 343
4909 2099 963
4570 1650 684
4695 598 959
4581 3731 287
646 3932 243
4672 4034 774
1124 3449 490
955 1425 816
411 4708 907
4974 4601 242
4153 665 305
1801 4105 697
4245 1193 741
4423 3680 876
4272 1821 3
4008 3172 101
2962 3615 170
2380 2442 560
3691 2189 513
1564 1775 375
2458 4203 508
4416 378 380
2272 815 9
3049 1675 56
743 1784 236
1726 4927 784
3806 2785 537
2589 872 349
873 4459 952
671 4244 185
1653 369 487
918 4875 731
1926 1201 641
496 2442 209
4646 2883 113
4113 848 953
3204 3511 463
3236 1743 34
3908 4243 395
2865 2217 769
404 466 657
3490 697 707
4677 260 633
1122 4129 101
2175 2184 381
3124 118 1000
4125 2901 366
3261 4782 377
1290 2666 976
2315 622 656
1328 2140 495
3967 3897 391
4371 3721 820
3014 3225 165
2988 4744 963
32 82 677
71 2225 980
4343 3366 92
2626 4513 74
2340 1446 566
1804 914 452
4796 49 606
4001 1572 330
3601 1601 460
2279 4590 371
3693 4573 174
2115 3664 518
1938 3479 662
340 3180 945
1461 4079 504
895 1187 623
190 2832 962
3418 4755 151
2834 503 967
257 792 652
4329 1350 335
1945 3495 24
4634 2629 835
960 656 126
1428 4962 583
3343 2487 148
4177 663 345
4605 2867 716
3507 3349 5
3753 3001 730
3588 3422 677
3013 747 851
572 2358 86
2933 229 774
3478 4230 451
964 1421 206
4627 532 711
3321 2031 546
1524 1529 180
884 2889 524
247 1780 190
3289 3247 846
1594 541 106
3373 1440 362
4694 1461 417
4938 4036 810
1073 4747 383
73 1105 25
2619 2671 219
3532 4587 914
3294 3483 155
4699 1431 246
1467 2018 222
3509 3785 570
188 1213 837
4306 4331 87
3776 867 155
4796 1714 328
70 4311 438
2869 873 428
3383 3538 825
2972 2277 288
4835 1598 655
430 1621 622
321 1863 340
971 1679 702
1456 3185 798
1780 276 351
2459 3045 194
3462 2262 284
73 4622 699
4498 2070 413
4085 2389 678
2407 3528 735
1068 4887 944
2623 2106 297
2079 1484 865
1555 1447 15
3805 4183 363
3349 1459 549
3374 698 841
3699 2740 991
1094 981 163
490 3984 723
1150 1519 129
3822 1763 749
3985 4679 651
3239 136 921
4431 4473 371
3546 3262 804
4890 557 985
4501 516 960
4829 281 441
2009 620 575
4701 2203 169
608 835 105
3903 3162 499
2410 3300 459
4205 1928 804
3329 2257 732
779 2006 708
4383 4149 29
4428 4565 123
2387 2205 134
115 3130 1
3382 26 385
1823 3331 751
1976 1587 69
3891 2118 935
4584 2045 468
3371 1557 493
2364 3655 594
42 3002 51
3229 1100 386
1000 904 46
4319 2420 436
4953 3726 921
2658 1513 45
4020 3292 731
4112 1834 593
3897 1091 511
3852 1614 825
3784 3402 312
4125 3466 410
2562 3094 941
4552 12 490
1465 1246 210
2649 2753 97
45 1219 428
225 4533 797
4561 2949 825
478 283 516
421 3950 834
382 989 375
492 1386 360
1295 1481 115
4498 1065 999
3470 1791 760
2036 4044 813
4062 4820 446
3860 1158 686
3631 1106 893
4831 3052 736
596 2503 754
2182 1250 687
193 4742 629
2703 4628 305
1720 4868 398
2578 203 944
4532 4072 121
3773 1805 708
4982 2588 142
3948 2331 469
3294 1807 142
2060 213 778
3295 4432 595
2481 1704 996
4401 4528 913
619 541 207
1252 3194 725
3362 2392 510
1016 3331 686
2093 2726 404
4894 4582 834
1036 2263 444
1693 2792 622
434 3097 624
3297 4333 557
3114 950 882
385 4632 218
1909 323 751
1281 4137 614
2337 4412 982
704 4799 638
4121 3440 34
872 2397 454
3692 1048 394
970 717 5
4517 2851 460
589 4031 279
4159 699 728
1777 3671 493
3831 4280 538
3655 4283 549
1943 176 629
3326 3061 621
4304 3911 941
3520 3048 864
1140 2454 433
3884 2278 317
4209 3795 646
3809 1875 606
4679 940 971
1674 3263 97
2706 4413 451
4175 885 382
1043 4857 596
2369 4727 771
3446 1907 774
3210 3128 135
3280 154 415
1045 207 103
3419 269 92
4986 4897 930
793 3756 374
3534 3080 710
55 1346 364
4913 2288 239
4211 555 468
3625 3878 360
4476 1240 73
601 3707 131
1760 2417 491
3621 1894 58
1041 1912 943
3039 3380 407
3420 2254 178
3341 1732 532
1370 3292 163
1922 1553 19
746 166 126
1666 3290 820
2868 1633 246
342 3200 741
4933 674 957
2596 3160 835
4977 2178 574
2301 768 922
459 1277 816
1138 3026 389
3779 1446 316
413 3790 788
2775 4451 230
4748 2183 293
429 701 954
1125 2390 657
4091 2327 631
477 4798 676
2817 4044 795
766 2457 565
3155 3810 404
2175 3530 141
2310 722 203
842 3620 704
2015 3248 127
4068 3898 831
3481 2869 520
377 2473 336
3633 1691 808
2945 1088 986
93 3653 363
4745 4611 354
4201 2269 757
2759 4173 398
842 2586 371
2941 1440 66
2130 4645 93
397 4387 544
11 4351 45
649 4342 997
100 902 561
67 2940 562
2180 2961 562
2885 498 403
4744 868 553
4983 1113 556
3525 306 514
4122 67 552
4354 3571 709
3486 4286 155
638 2540 271
2638 2849 733
1559 4805 228
786 159 364
2372 3144 645
4939 1578 77
2954 1513 555
2384 1397 790
522 500 179
798 1832 542
1713 2360 538
761 3899 504
1464 380 511
1834 2771 499
3389 4716 676
4760 4329 56
3309 1983 843
4611 3977 987
4931 1178 86
3110 2039 322
3106 4778 507
4147 2301 71
4569 4919 958
3569 1506 315
4606 1768 650
1044 2480 103
48 3976 689
4922 3465 170
4409 1897 411
81 3335 423
1391 494 525
3963 1029 558
2051 4741 885
4279 2433 682
4380 270 895
3991 983 78
859 4662 914
255 1286 814
1469 4591 632
3200 4510 415
3335 3688 27
623 2584 990
2345 4935 309
4592 3953 146
1297 2794 332
3100 4279 829
2169 4709 193
4822 4415 615
2048 218 689
2996 960 609
29 3050 831
3649 2508 593
4597 3250 287
4435 2434 823
3377 4035 480
2188 4170 833
1398 3785 1000
4703 1690 916
2020 3539 416
3025 3997 774
3584 1480 758
1610 113 463
4732 2549 104
187 1249 961
3150 1669 955
3107 4682 981
2496 4299 236
3709 4521 845
627 2689 289
353 3352 993
1229 4743 681
4551 1575 635
4029 3156 577
1131 421 2
542 780 659
59 3292 756
1232 4381 524
3603 2940 874
180 320 28
2990 1141 91
3334 3654 804
449 1612 702
4650 3745 594
3760 1732 370
4506 4676 608
4883 2936 438
4547 772 977
2711 3503 627
2666 2040 526
1753 2524 503
1128 4687 367
4125 4920 538
3832 911 980
1631 4978 168
3108 4263 124
2097 2684 664
1331 1195 471
3383 3421 31
551 4238 477
1565 315 816
4674 4236 864
476 3017 456
1699 1483 132
3361 1568 491
3094 1453 736
3855 2305 241
2963 3858 49
737 4899 564
4579 40 99
871 1452 571
2174 1833 174
2525 2585 467
4657 633 171
1934 1363 937
3682 1451 523
3608 519 731
2728 4341 53
2512 781 680
4308 1095 39
1221 2100 922
3077 1004 100
1053 4475 583
3488 309 274
1471 4197 398
3697 2109 135
4931 2656 453
2895 3821 814
4358 1747 42
925 2344 149
2960 3694 920
3548 4093 162
664 3737 148
4974 3413 282
201 2515 597
2193 31 583
2444 3777 652
3574 2281 780
2707 2201 780
3412 1990 340
4729 54 543
4400 3033 678
1635 2103 994
2610 3702 170
793 4497 4
3811 4624 516
2178 1564 394
938 2111 65
673 379 201
1135 181 113
2723 2532 535
3600 590 846
754 4690 838
1244 2339 491
2670 1393 833
3437 1242 122
2475 336 286
3113 2084 316
4501 3327 383
1811 2278 284
258 4580 21
493 2942 120
586 3133 825
4316 2234 290
4366 1826 16
4378 3112 691
4406 178 395
2375 4198 97
3622 1264 134
4480 1295 588
1920 2571 637
3400 1336 489
1011 4157 212
4364 4503 864
4812 199 336
4954 2992 182
91 2386 342
3526 1798 221
2182 73 841
1598 4748 583
1195 2557 391
4360 425 98
4805 546 189
4775 1835 37
4114 2126 545
43 2695 543
4716 208 632
2177 1018 388
34 4309 401
4468 1311 866
1586 4522 950
2155 2464 308
3492 2227 248
2368 3740 42
4493 846 700
640 820 42
1503 3706 840
3443 995 412
610 1853 481
3406 3328 72
1723 4123 681
2463 486 615
1629 2246 698
963 4600 791
3246 4278 872
3865 580 642
348 2755 97
439 2156 576
4948 2944 735
2876 4452 801
972 3558 975
1646 1782 149
357 2467 570
3695 1458 611
765 720 637
4554 1569 991
2141 569 896
3961 3684 324
4806 1561 799
91 2065 44
1870 4132 238
3343 1312 67
2417 329 533
3002 1019 439
2291 3896 212
817 2586 79
937 1419 613
4567 2568 881
3923 22 849
2159 1912 186
226 4747 601
2927 3706 629
3259 2193 101
1278 4085 731
4470 541 610
387 3244 472
2448 1577 157
2847 3309 23
321 4876 914
582 3190 114
2794 1204 168
2257 3214 5
4020 3351 3
3219 3073 474
936 3809 104
3216 789 523
2553 179 294
1467 735 944
2810 286 777
2067 4608 929
2365 1067 804
88 157 268
1864 4693 678
821 681 398
2466 597 81
3300 5 517
2435 4896 62
3715 1910 966
4006 167 475
2212 2114 173
2778 4740 887
3590 2440 942
3199 2784 32
214 3571 926
4393 4750 734
3506 4661 590
3964 2092 218
4332 273 162
4321 1612 990
4054 36 245
2088 250 976
1721 3166 324
4028 1969 152
447 2439 78
2849 2526 14
607 3623 565
2859 2756 889
4345 2319 575
548 3164 816
2329 4109 839
1921 379 802
2314 2525 179
1512 854 592
2806 772 740
550 2163 102
3373 3448 620
1655 3498 288
4903 381 939
4949 4927 425
3914 2230 191
1835 3550 944
2693 3581 959
2593 4168 365
1478 51 414
2334 1433 543
3232 1351 837
312 1301 764
620 370 429
4882 1732 833
4842 2333 668
4751 4137 495
3880 2632 334
2320 4894 532
3263 4060 800
1112 4750 490
1961 1285 486
3630 97 353
3330 973 923
2247 4015 841
3616 2764 703
3120 382 856
1477 1064 277
341 4472 126
1375 2248 629
215 3838 103
3554 2300 76
4280 2929 674
352 1857 659
4104 4689 610
1662 1231 523
1894 2520 606
4631 4849 800
3599 1669 783
4884 3982 926
2086 1414 170
2218 3031 185
4567 784 727
4620 4811 696
2650 2166 309
2727 1861 669
517 1678 351
890 2714 100
4902 2696 834
4673 658 625
1013 2784 308
868 2551 246
2468 1758 41
4266 684 675
4532 3018 391
3148 2914 90
1348 2895 98
1551 1268 279
447 3662 111
523 2223 692
1130 2672 73
2989 3042 94
4924 4683 493
350 238 738
2261 3242 636
2957 4901 4
2798 1875 508
4312 4196 813
4460 2081 97
1209 2160 553
2807 503 953
4436 2626 209
3439 2931 302
3570 4848 994
3781 2587 895
1917 1321 777
1583 1970 856
3632 2464 441
4360 1742 77
2842 847 291
4036 3042 223
174 3004 941
3093 1368 151
3580 732 658
2981 2884 873
2303 3198 813
3175 3127 789
4842 1341 415
4725 527 590
2529 4709 603
1362 2388 591
2039 1812 777
2943 2484 750
78 2599 862
2432 1514 412
3304 1443 816
898 1880 332
531 2581 783
462 4696 67
2284 4245 262
2464 914 607
3866 1826 616
3464 1028 266
2942 4366 9
3425 1302 947
2460 916 421
1221 668 286
2119 4787 523
1217 3932 712
1972 3047 167
1646 3557 186
989 1072 926
906 4750 184
364 2969 667
1613 670 906
1511 888 496
3918 1090 880
1927 308 946
1665 537 349
4792 18 751
3305 4660 198
2971 1108 115
2835 281 228
302 4841 968
2831 576 399
2738 348 885
1692 2252 13
1710 3060 55
1799 2351 684
2111 4572 293
311 581 737
2709 1754 746
1296 4359 342
107 2508 691
2483 1182 59
4759 2887 191
2733 1293 265
2664 3674 132
3705 177 546
1602 615 240
1552 794 960
4203 1622 494
3129 4676 934
861 4552 93
1850 1885 319
3587 572 655
2160 1781 573
632 2221 859
724 763 987
4310 4057 278
910 2616 206
3205 2348 671
1006 863 591
1405 2558 274
202 4973 1000
3485 4846 784
1103 1964 395
259 296 730
763 58 967
2836 3390 421
2700 4512 403
1143 50 107
1884 728 360
4509 860 531
715 17 322
3447 16 521
2988 1424 26
1888 554 245
2964 3696 339
4985 910 305
103 25 468
1888 4876 134
1343 2861 788
1965 2844 739
1998 2792 320
2973 375 674
1182 3788 865
1545 3611 748
1049 4161 785
3223 3640 863
3708 2406 616
3096 2781 326
2530 1323 762
2749 3841 78
2926 276 993
2061 4672 428
588 1076 320
4344 3347 662
130 4399 686
3959 4216 10
4061 551 998
3201 4537 391
2879 2271 72
4252 2482 193
557 1618 872
1701 20 754
3380 3721 813
3247 2145 106
1027 3755 328
182 1448 469
439 4228 220
3970 1722 89
442 1789 567
4227 560 433
1069 3348 467
568 1605 29
1079 94 384
1493 377 912
2038 4378 547
3665 3193 713
2540 603 610
4918 1767 505
4407 3766 677
4193 4746 3
594 466 933
4653 3189 18
4462 440 861
4623 3283 880
387 3556 846
4543 4980 193
1220 3759 313
4265 2262 25
2014 1553 562
846 3962 34
687 936 729
1520 3354 101
2843 1004 83
2800 2354 995
771 755 309
1855 863 730
2734 2000 208
787 2456 985
4296 4069 573
2806 829 950
2045 3360 5
146 3564 662
1754 380 609
2382 1669 852
1561 1971 431
1700 3298 989
2653 2132 485
42 3857 586
1731 1564 18
1860 1449 540
3436 4500 701
4098 3801 367
416 4219 45
720 658 691
2564 4167 858
2116 1038 889
2310 86 246
4101 56 743
3350 1319 684
719 4341 724
1901 3035 55
1652 2974 393
3276 2538 608
3539 3406 504
1575 512 202
3480 4933 175
1057 3969 78
3951 2569 122
3340 4630 978
4993 694 175
2627 2250 447
515 3541 844
1033 1023 102
509 1777 663
3780 98 472
4633 14 722
4340 4636 183
1250 2125 442
952 4454 709
4212 4572 984
1691 592 936
4097 2757 336
2180 3385 513
3394 3014 467
928 690 409
4938 4275 96
3561 4359 894
3051 2796 948
2295 4210 171
3153 2026 693
1632 3637 157
3959 1372 978
4719 3046 251
4160 49 467
2171 2346 984
1552 3240 678
3543 2332 83
3971 3533 852
4702 3752 939
2018 2252 527
4394 1155 583
428 4258 929
4208 2722 69
766 1284 86
2226 4618 486
994 1673 223
4349 2846 687
3416 4893 664
128 2690 263
3540 987 232
4264 264 238
3939 467 36
2618 1880 214
1725 845 778
3522 4730 521
4767 1494 383
259 1345 483
2007 908 534
346 1987 266
2261 2481 767
1417 813 697
173 3227 401
2435 3048 523
4467 2141 987
2469 3598 277
3163 488 398
4165 3681 606
1911 2260 278
3044 4445 616
3620 1114 696
4815 4702 103
1856 1277 818
3508 2751 343
4671 119 184
997 4791 35
4154 4030 32
1478 2620 780
2233 1735 623
2795 4885 958
741 4986 93
3787 2637 332
3154 4710 703
3971 4969 707
4070 4157 734
3129 2142 114
2335 857 168
3274 2947 451
547 259 373
4826 2342 419
1005 2534 174
4864 4260 347
4002 4524 974
3444 3708 868
2699 4557 24
4794 1986 305
4178 3703 674
4726 4740 339
4234 602 581
494 2439 574
4436 965 562
3246 3090 488
3991 3998 815
2821 4375 216
2894 2904 808
2985 4483 601
4759 837 246
4641 3999 433
4971 4399 557
1620 1130 257
2705 4550 259
4071 3590 810
2605 936 868
1152 207 217
2783 713 884
3696 2895 475
3820 975 464
4807 3106 57
969 4179 398
3966 3429 688
3565 3085 449
511 1988 970
4344 3725 59
3165 4548 776
1933 3818 286
2318 2168 460
2281 4235 490
4227 1864 275
1193 746 714
2712 4687 334
1708 1606 6
2348 2195 540
4287 3083 268
4643 1146 427
88 1639 281
2452 1205 725
4613 974 547
3388 2647 180
3306 4271 651
4279 2791 415
3964 3682 693
1358 301 601
525 71 982
650 4910 852
1641 2841 44
703 2292 520
1429 2167 596
3054 2599 691
4755 4827 935
2465 514 962
1589 1109 552
4592 2096 952
2535 206 730
107 3062 997
2792 3245 490
4044 2412 127
3307 4334 817
2104 4305 614
2302 4549 614
950 196 421
2970 2204 320
2173 3092 740
2238 4241 572
1844 3856 355
4928 338 861
1454 1126 444
2618 4647 592
1532 3971 767
4580 4206 284
3999 1191 625
4664 3796 403
142 2480 934
4459 654 865
1351 2997 839
1514 251 466
397 491 14
1153 2231 226
4157 2423 181
483 679 20
1647 4163 588
737 1498 131
3434 2967 85
4188 137 100
2429 1876 573
1377 259 780
3300 4549 653
4335 3984 173
4237 3183 301
4509 838 967
3542 820 79
2881 1340 38
3958 2721 87
1757 372 2
2379 2755 57
4168 4638 618
2755 1056 818
3686 168 314
461 4437 297
4074 1970 936
2037 3930 219
4268 4172 974
550 4142 384
2418 4561 471
2657 4806 157
1127 4648 785
1453 4589 301
1160 3778 954
1222 455 394
4255 3600 589
2560 1648 714
659 234 307
4796 3136 68
3237 291 863
2768 715 298
1309 989 415
2745 731 681
4813 3719 639
3993 3162 201
2327 1157 5
4409 3491 1000
1868 579 288
2956 1301 338
2223 4190 281
1694 4075 377
3361 74 863
4685 3547 736
4282 2110 892
1248 3207 724
3681 2644 657
1457 2563 987
3496 4584 955
2124 3780 465
350 1010 656
661 148 532
1999 3785 719
4531 986 371
1423 1639 869
3297 4990 985
2688 1499 926
1525 3757 336
2631 1904 787
2118 4271 283
761 4004 518
2827 2718 465
2803 294 489
1562 239 921
4905 2866 591
3461 3943 939
3638 3310 544
819 2117 329
2538 4951 15
1297 200 872
1878 3858 48
507 2030 716
314 2618 158
4847 4214 818
3021 2974 24
4948 590 575
2435 2621 422
201 4067 318
3519 4126 599
570 2557 406
4881 2872 734
1144 4815 569
4298 4537 316
538 804 491
1468 2660 267
499 812 190
3520 2671 359
1352 4700 862
3702 4368 214
2148 1372 228
955 45 462
4292 4355 186
4808 3417 997
1986 1724 632
4577 4753 502
4833 4413 932
3744 56 993
1262 3615 409
2781 2574 36
1081 3954 230
2780 2874 315
3831 4495 781
4194 1810 876
1022 2448 874
1672 2035 603
2838 4397 296
92 299 583
4929 1626 992
4200 928 841
513 1002 945
1952 4425 943
534 4737 631
4445 2452 737
236 3582 567
4492 3436 942
3941 1872 753
4001 1923 981
4784 3086 182
4448 922 391
101 95 312
3817 3270 485
2104 1153 696
2936 4918 504
441 3583 659
4536 3105 140
1199 1168 22
1042 3170 815
1009 2993 490
3634 4586 148
651 2238 860
1712 4843 795
4871 708 509
2608 3143 958
564 1946 649
4350 4096 121
4590 816 509
600 4528 967
1279 2830 456
2196 4259 893
3431 2779 529
881 1774 574
4248 4004 131
1024 4940 238
2320 1935 426
2962 1927 585
2067 294 787
2795 767 810
92 2903 972
2143 23 243
580 1903 497
3169 4068 3
1066 3782 583
683 2674 239
4656 1304 118
3355 4379 176
2021 4096 103
37 2270 458
4068 3763 761
231 4499 57
97 69 517
816 3203 486
3523 3145 502
1093 4945 974
4795 1732 665
1431 2954 168
3267 2172 434
3227 3268 349
726 4599 305
3814 1752 77
118 4450 602
4674 4596 186
1944 442 827
605 1047 511
818 2094 959
738 4316 809
3200 4454 23
2328 1492 288
4933 218 393
3470 1282 78
707 950 199
3808 1277 48
4457 1457 274
3860 420 170
4641 231 524
3254 610 432
2426 2185 835
4966 287 826
512 832 448
2418 1772 893
2242 3761 807
3816 764 53
1269 1979 970
3263 4981 299
4813 3842 676
3253 2758 36
3996 2802 610
4923 4653 889
4830 4317 957
3577 4925 266
1226 1356 504
676 135 890
4699 2521 393
3260 4171 392
1 2440 285
168 1385 979
1780 3339 966
54 4289 464
882 3128 55
486 913 580
327 2088 637
2105 1567 874
2370 818 248
3789 3589 687
828 1552 344
4078 1248 942
991 4468 330
1142 3590 252
371 266 212
1405 257 894
3972 2700 825
2867 3435 444
565 1034 903
384 4177 738
4310 2924 447
5000 3105 58
4484 3225 203
187 1798 26
4136 2663 808
3326 2565 696
1541 4332 259
2391 1533 708
3610 3492 167
540 2680 630
1295 2061 865
2317 2752 180
2016 3578 375
2783 4208 321
4006 2674 729
2655 761 381
845 283 305
831 156 197
259 3606 695
1496 4710 36
1646 2705 843
3596 682 945
4088 3359 490
2451 2809 700
4488 4232 311
2633 76 547
3187 1416 192
4546 975 68
223 542 840
2659 250 403
3409 711 247
2619 299 921
2340 618 983
355 819 615
2323 4357 458
3441 3790 294
1947 808 408
3674 3732 620
2727 1414 925
1545 276 787
115 4220 879
3024 3623 844
578 4624 244
2573 4101 260
589 4261 805
4056 3689 322
272 4554 596
582 3053 370
2393 1955 163
3996 4843 727
4240 3217 738
3333 298 945
2142 2723 375
1837 626 217
502 2656 424
4734 2678 536
1150 662 379
2678 2144 466
3228 2059 344
833 662 960
3813 534 740
4021 1466 915
4789 2735 524
4267 1118 326
2961 2654 352
4659 410 1
176 25 762
4367 4210 951
1681 126 811
2413 3953 513
4907 404 589
1030 4222 823
2175 4202 738
525 1727 299
3487 4403 558
2069 4678 435
4309 310 457
1155 1076 780
905 4577 306
4370 3932 118
4697 4098 614
192 2197 711
2087 9 785
991 4536 987
127 2970 457
383 4653 452
718 4643 761
3870 1781 77
4665 66 67
237 3781 655
424 3607 718
4741 4225 51
3493 4719 726
3739 3957 39
4913 3699 913
754 4421 5
3235 1391 43
4744 2466 991
3164 2679 398
505 4885 654
3762 1093 886
1680 156 821
344 2981 650
1899 725 682
4331 957 94
1626 41 147
748 563 273
3989 3327 730
688 1865 678
580 4254 32
827 1916 491
4634 2432 500
1505 4194 620
3017 1302 465
4691 4888 436
2564 3986 702
878 3803 979
1160 4132 344
2724 4059 812
2703 4939 598
832 21 719
4596 2153 2
4384 4485 409
1218 3211 461
2004 3891 94
4440 1347 824
3910 1303 91
4775 4491 670
124 4522 215
3572 490 443
2882 2295 917
1008 75 413
3882 4853 306
1783 2323 106
2130 3599 350
4803 4711 889
2222 4356 163
651 188 792
3387 4803 623
61 93 217
2298 3267 782
553 3184 186
4192 477 398
2896 4421 946
1514 2404 32
4100 888 935
3717 2584 842
2567 4367 741
844 1828 685
827 3810 993
927 2765 398
2296 1285 486
3263 1037 800
2757 2397 165
573 1449 574
4432 435 659
4083 1486 236
1192 4581 241
145 635 61
4368 2234 679
4602 2172 385
4411 389 351
746 451 648
1466 2992 206
1000 1270 100
980 1557 144
1589 2833 14
2640 778 209
1433 3983 292
3694 4656 832
2611 2935 418
1590 4869 119
2865 2559 66
2700 11 195
366 1748 606
4275 3066 895
2661 1251 184
675 1042 456
4250 2255 781
3488 471 986
233 1111 171
496 1979 237
3872 2568 852
404 2915 71
646 2677 330
2456 711 144
4525 4530 983
683 2744 701
514 3955 910
2491 2065 503
2035 1031 749
3547 4326 612
3113 836 216
1339 2267 281
3643 1819 934
4828 3642 210
2576 604 89
2087 3594 16
2546 4108 422
2283 1025 201
756 347 350
1585 3612 873
2308 1203 398
3089 3754 302
4787 1510 24
227 3874 522
1799 3019 754
923 1399 500
862 1123 467
3122 4052 794
2167 153 264
1831 2153 663
93 3012 16
3266 246 383
4427 4479 205
3446 850 708
1415 2625 552
2411 4835 785
139 4003 244
4796 2511 627
269 851 151
1394 1226 609
1434 4974 374
3047 1905 148
4469 288 858
3125 4713 932
2572 2551 823
3728 2239 809
574 2251 885
2389 1383 972
973 307 264
4471 68 131
3316 1248 149
4178 4690 489
1225 4692 959
2606 4764 508
1712 2043 715
4313 3279 280
335 1861 224
4228 3585 520
1062 2311 349
4486 1894 989
855 4758 587
2248 3635 847
2230 4490 189
4140 4411 302
4169 3126 430
3584 2207 878
2150 4497 162
2927 1156 136
2724 1470 756
4685 2117 958
1404 2842 469
2541 2288 360
2544 1768 726
1554 3052 395
186 2919 502
2483 3515 984
3553 4183 690
3544 1919 374
947 4939 156
3468 2045 141
3459 239 388
2058 2935 599
4288 1555 134
1602 3887 252
866 2506 498
4768 2128 308
839 3312 842
1320 3356 829
4813 558 943
699 2514 198
448 4100 845
3720 4309 993
2300 3757 817
800 3441 869
218 1773 430
2874 2716 307
1127 574 9
151 3705 43
1635 2441 834
1551 4958 869
3502 945 284
3646 3848 878
3160 2413 72
80 3128 901
4668 2260 947
1280 4320 704
3035 432 514
4857 1903 76
4189 986 616
284 2756 637
2102 4549 536
3064 1779 52
1107 1517 753
4118 1456 573
2353 869 669
4340 4915 147
4906 1162 196
2159 3484 324
777 3978 837
3022 4118 510
311 1438 122
2515 1577 354
3929 4041 677
3550 3456 208
3266 3697 900
2399 1631 669
1597 4390 700
4434 4442 206
3873 1894 820
3535 852 176
3545 2065 319
3202 679 858
836 212 256
4240 3529 621
479 2311 95
3576 3485 392
1229 1082 722
788 1376 691
2071 122 790
493 3414 548
1706 1421 678
3029 4255 58
2736 2461 426
1003 1678 297
302 813 129
4063 3465 88
1758 2227 29
1863 2280 244
4191 1435 239
4600 142 302
969 2188 41
4721 2539 612
3735 1276 946
3714 4600 700
1546 4414 407
1649 3115 263
288 2729 405
4711 3514 196
3685 866 311
4866 1321 26
3192 1872 306
1592 4422 344
1820 2071 118
963 1447 830
3979 976 19
3925 4123 757
1353 1144 459
3271 1118 85
938 636 59
4425 1965 507
3423 1926 809
522 169 275
2819 765 52
1858 727 784
2769 355 751
2965 4202 414
3872 2691 805
4917 4763 207
2133 3298 417
3915 3677 355
2191 270 984
1848 3314 460
2081 1795 72
1330 584 839
221 4391 570
2882 2231 934
4057 1932 111
1842 1671 473
1919 3086 973
1874 3838 793
4339 4247 24
2637 333 726
3644 4099 406
485 2343 771
1728 2673 112
3557 949 586
1172 240 971
1325 2697 637
337 2593 7
172 799 829
1831 2276 890
4252 427 978
3066 2967 479
4349 252 959
666 674 725
1166 2946 863
3140 4286 461
623 1206 655
1908 1570 107
1904 1865 732
1623 1357 156
4222 534 400
3273 3768 366
204 2548 536
197 3326 721
4539 2991 982
3231 1677 279
1617 2831 828
3805 4164 988
1467 3301 547
3091 879 778
1667 1605 130
2830 4258 995
4662 4229 699
3276 3261 868
1830 2013 516
2753 4388 638
4556 2234 646
1688 388 86
2729 2984 564
2490 487 487
1316 1950 325
3741 2435 63
3040 3556 961
140 3155 705
3252 702 953
1384 1680 14
1298 216 101
950 3145 772
4055 2194 925
4555 4237 395
3381 708 131
4869 1660 244
2928 4146 441
4302 758 727
2498 2017 720
2890 2807 469
2026 4459 357
160 4574 444
210 3348 932
72 2889 206
810 2855 82
4836 4987 701
2859 1363 635
4376 3016 345
3173 2987 773
1473 166 272
3343 4859 381
4904 1334 442
3338 1482 436
4902 3247 464
3589 835 832
4893 1441 64
3367 4923 837
4967 3376 4
3446 4987 404
419 610 700
1317 3975 279
1511 808 439
411 3644 971
450 3343 600
4428 4680 704
251 366 765
1390 410 581
2098 1399 655
415 4409 54
1172 4388 849
3579 655 635
160 4119 955
2923 4636 293
1359 3167 453
765 2657 719
3743 3880 806
3927 4226 866
1148 2166 473
3839 2127 254
3937 484 438
3677 1311 117
1518 716 780
4064 4460 518
2333 2326 459
120 3831 731
4887 4389 919
3612 1074 544
3851 1319 793
1025 2890 730
3617 371 607
3414 3718 158
1836 2580 359
2714 2031 616
2542 2742 763
162 4363 174
4520 2767 139
2899 2979 196
211 283 296
3991 962 56
4830 714 421
2307 2286 294
3433 3071 365
1497 202 589
4291 1604 905
4018 957 285
4200 4869 155
346 4012 986
1719 4223 737
4505 2243 430
2328 2237 376
3383 2782 193
1085 4701 937
1314 4295 757
1403 846 308
4560 85 574
1256 3307 444
2875 770 491
294 2401 662
4616 3363 856
753 4901 612
3834 3593 741
721 3148 921
4763 4995 18
3157 4253 816
4700 1906 578
1587 4696 18
1969 331 456
1941 498 717
3897 2979 224
1071 2564 762
904 4373 17
2308 1194 190
1661 1383 146
1257 2956 279
4194 4141 618
367 1172 705
669 2934 787
3628 2683 655
4106 995 461
4887 577 734
3087 3002 168
3123 2696 870
1208 2690 791
41 4799 929
4703 1924 942
1000 2926 924
4628 3965 302
4471 1803 465
1469 637 208
4903 2894 212
4860 43 192
1763 589 868
4834 808 237
1176 1058 245
1317 768 806
3914 4514 848
2401 324 516
4852 4016 190
3782 1298 843
3317 2430 462
18 4764 627
2953 1187 24
4040 4976 710
595 207 989
2054 1690 857
3285 734 602
2927 1026 239
575 2480 334
1968 3572 878
4077 4117 137
3404 3351 950
2824 295 324
1684 780 342
3850 139 702
3731 2662 249
2316 764 216
465 3143 147
2531 4072 3
1455 3293 539
1475 2484 79
1041 3424 619
2273 4450 301
4321 784 447
4166 3650 205
3883 558 887
2310 1750 413
3691 1785 30
1267 1673 545
2755 1871 591
974 2094 688
44 4375 561
121 3841 766
2082 2236 283
2120 1710 852
4188 2483 934
2001 4233 526
1094 1314 994
1101 2256 536
4043 4051 897
2126 3218 91
4870 2022 710
872 3372 238
4882 2527 402
3516 3379 528
3275 2758 719
4502 4578 641
1202 2321 146
1666 2721 221
2794 1115 411
4652 2307 627
2472 835 664
1661 3774 352
2974 3934 376
4617 3252 856
2213 2301 507
1984 1017 403
4651 2607 109
143 206 402
33 1997 932
4362 1686 613
308 1936 788
1261 3022 315
2028 3423 27
3088 1080 732
3939 4104 434
468 999 885
788 4387 924
3873 1764 517
1383 3513 885
400 1767 919
3194 4630 687
300 368 787
4790 2146 919
700 2702 144
3558 1645 775
2921 2256 284
2762 3660 558
1621 2523 568
3560 3411 626
4423 1571 407
3953 3342 747
2311 4892 287
3438 2896 655
1356 10 616
1213 2176 341
2097 1442 581
4807 2850 408
3467 1089 983
1722 3221 522
1516 349 231
3265 322 401
1670 1755 602
4539 3974 72
315 221 966
4609 1121 861
1959 932 365
4304 4686 827
968 2479 571
1102 2708 456
700 1910 82
3873 3308 662
349 111 463
3131 456 235
1981 3700 35
1702 609 2
3147 1339 11
4800 1604 623
3918 1630 40
442 4597 43
4936 1650 233
2007 4224 856
3595 4360 885
2327 3182 758
4093 1604 867
844 4762 110
907 4552 562
4786 780 330
1594 2486 269
1916 322 935
4523 1080 274
3868 2051 6
3353 639 460
4176 3601 897
1762 2191 42
2895 3881 552
3619 3683 29
1308 3152 616
2376 4750 530
4005 2672 969
154 3281 418
4154 1977 826
740 2587 282
3097 4217 390
104 2871 996
3970 2570 753
3328 3103 330
2177 1507 484
4778 794 681
511 256 735
2862 792 455
501 2692 599
1388 3912 517
2940 1422 187
2131 1512 676
2141 2200 359
2867 2075 141
4363 4837 490
3793 2240 881
578 552 563
1933 4772 438
1145 2770 512
2381 1929 768
1455 717 44
4288 1293 544
3037 513 784
3132 4988 445
613 2064 576
1074 2422 773
4304 2405 731
4705 534 900
3693 36 866
2755 1739 483
635 2762 914
726 2126 507
3661 3238 959
2533 3208 745
4960 3096 604
4091 4633 342
3432 3536 711
283 3892 684
864 612 792
1191 4942 614
2501 4545 888
1190 782 869
3158 2105 435
303 3433 857
2968 1981 862
3151 116 892
3837 3827 39
863 279 165
2463 3916 559
1036 207 56
1065 3648 497
1254 3547 751
1897 4178 287
2810 4145 866
644 356 458
4954 1200 739
1920 82 123
3987 4831 844
2569 1659 59
3785 3384 90
13 4552 421
8 7 954
3201 3333 394
4316 805 822
1265 4473 429
2 4622 731
861 825 509
3872 764 500
1968 4300 3
901 3378 982
759 1753 875
1364 2092 150
1098 926 457
1366 4124 94
2253 1328 105
4997 1381 593
1733 1787 580
3558 4788 773
1128 401 504
249 432 791
847 3801 3
1222 709 184
1648 1046 524
1802 4667 880
4840 4184 578
4553 2693 193
640 209 668
467 1944 945
3875 536 988
2202 2507 871
126 338 960
4978 105 988
845 2011 309
2595 3377 359
4391 3691 241
4146 891 765
3221 3021 922
1909 4483 394
4029 3460 339
3115 1548 175
2195 1807 491
4094 2542 424
2447 4014 284
4943 1292 857
3241 2074 594
30 4026 170
3356 1502 944
2893 3727 348
4820 1306 390
2074 2577 206
501 3015 140
3753 1323 86
825 3075 939
1988 1756 208
744 1918 995
577 3727 364
9 4475 214
3531 2378 809
3481 2786 803
2390 3227 556
1691 3455 806
4640 3977 338
3760 400 123
3488 2681 375
475 2669 831
710 1260 370
1655 270 645
4212 682 792
4081 4134 469
1419 4874 315
2176 1820 5
2465 1657 216
1721 2179 483
3586 112 765
3772 1285 153
2744 3738 314
595 3794 504
1847 1729 387
840 1612 556
2264 4269 815
158 4961 917
1001 4189 317
4392 855 491
2380 3397 299
1246 987 772
4356 4352 459
1040 4531 806
4390 930 789
3890 4027 701
2811 587 9
1713 4021 256
3796 2379 686
3229 1248 121
3625 696 820
2574 3010 940
3042 2361 356
1519 1159 205
115 137 72
4851 3368 729
3724 4381 659
258 1125 639
1692 4204 64
3836 357 541
532 3579 222
1638 3675 154
2641 152 786
2546 1083 891
562 2704 729
4679 4429 167
1382 228 140
1255 2109 767
3954 4146 549
759 4157 9
469 2597 119
4206 2640 229
2488 216 466
1099 1946 209
4650 2573 428
3836 2585 866
3904 4446 143
3198 3237 266
841 146 664
4816 475 844
1322 3573 812
892 313 340
1623 303 84
4377 815 620
3654 191 458
1616 4959 968
4042 3979 314
4541 2643 298
4928 1857 503
537 2192 58
2360 4595 84
3704 4105 980
4165 4463 386
2656 163 259
4018 4157 791
1261 3576 959
1796 473 866
2689 3494 81
371 4761 657
3905 1772 389
2874 4442 618
4499 2888 946
2867 2453 877
3543 2443 766
2932 340 484
3549 1440 909
1269 2770 620
4465 917 992
4752 193 845
2725 3393 875
853 2037 305
3189 4022 161
357 409 731
1296 3775 53
4555 29 989
4878 719 783
1726 97 199
4064 2909 875
808 695 233
2401 946 37
3003 1280 239
185 1591 105
492 4259 797
3766 4312 170
1730 1276 101
3402 2049 663
3083 3989 327
1464 110 482
858 4730 738
195 4157 173
647 3500 544
3271 24 700
967 472 108
1137 3098 248
1448 4717 765
121 1175 48
703 133 71
3422 1590 941
4056 1647 711
600 3280 966
1305 2803 919
3596 3325 393
3553 2460 448
4130 3905 390
647 4910 502
1636 4192 422
977 2341 609
1894 2272 932
3194 2648 999
3543 1075 157
2870 2258 996
3164 2476 522
1511 935 870
2455 4416 228
499 437 754
1978 3030 872
1829 463 902
2 1967 209
2462 3264 50
3517 685 483
1100 438 977
3609 2610 824
1892 990 518
2642 1222 508
4937 954 363
2528 4089 107
2731 4714 390
114 235 328
2407 3799 518
1120 3133 571
80 587 893
1521 444 712
1414 318 467
57 2037 51
2269 1771 309
2716 770 606
3715 4416 48
2870 2634 73
3468 2445 310
3794 1154 693
3522 2681 98
1054 1974 710
2248 1954 626
4677 4921 303
250 230 827
1922 2198 462
4781 2763 475
1565 3883 138
823 506 940
1956 4936 259
2866 1185 758
452 1761 338
4825 739 463
3746 1500 235
2999 1751 709
676 4135 718
2346 1600 472
536 3337 482
2311 3299 706
4122 2201 121
4571 4242 27
2518 2057 120
3956 411 226
4613 3421 438
800 2336 547
1591 1374 128
3919 3498 150
4959 796 169
2047 4542 239
2645 1724 528
1387 39 624
518 1576 801
2689 3228 762
1774 3602 213
76 2547 260
728 2473 805
3535 3814 850
2593 379 783
1698 2681 274
657 2943 177
3477 3580 965
732 4285 243
3520 3398 744
2544 342 96
4557 3394 554
1198 4960 541
3119 3993 907
21 1133 290
2501 4065 119
2843 4179 949
3581 3879 914
2710 388 124
3997 3565 944
4027 4639 278
577 2374 267
2054 4140 857
2425 2326 175
4364 474 802
3476 271 586
592 4116 328
1703 126 744
2246 2216 16
3665 4529 83
2350 4259 83
719 1797 508
3146 931 339
1702 776 654
4456 305 355
4895 3644 729
1651 730 514
3189 520 165
2722 1808 37
4272 3867 119
3575 3710 832
1161 85 397
1147 4351 709
2470 4970 388
4006 3896 384
3541 1847 709
4133 1493 790
375 2559 585
1857 956 996
138 108 852
4111 2902 784
306 1641 300
4437 1086 360
1384 3890 838
3099 51 355
1640 4526 96
3187 2638 679
4778 3981 321
862 1980 95
3269 233 5
4337 4238 182
505 925 330
565 417 775
2818 418 15
4328 109 144
1452 2317 395
1531 2381 9
2768 1765 812
1338 2969 273
3455 1648 837
3410 2400 291
2635 832 538
1505 2099 781
4963 1909 189
715 1650 42
2764 4396 743
3104 2478 883
4983 3315 824
1552 2561 161
3847 307 235
2424 275 52
1479 3214 606
2000 4643 521
1083 770 85
2249 3132 935
2591 388 822
4541 351 821
3095 1584 408
4961 3125 898
1556 3555 923
3945 4908 613
2489 2713 489
1589 470 256
2871 1731 665
4214 3497 782
631 888 692
270 616 317
1572 4559 938
2673 2133 985
1255 422 834
4417 5 407
3006 1259 118
3974 1421 856
3674 900 585
1829 1633 737
3460 2368 316
787 209 489
678 3420 697
3756 2366 621
1123 4746 13
1715 191 879
1032 2349 654
2310 2737 304
4405 2115 263
3312 3944 420
1450 3010 82
2857 2317 866
129 222 643
2880 3203 892
3692 3118 402
2243 4080 7
283 4072 268
1596 2017 371
1468 556 82
4107 3481 321
4385 2937 502
1254 223 678
1171 3837 379
4793 1715 908
3395 922 461
2273 2767 635
4000 3476 392
4418 3235 927
1335 2255 461
4666 856 420
1971 372 989
4276 2778 337
1483 4984 447
1846 606 141
2395 3817 620
3094 822 903
4780 3708 77
2311 4348 743
1485 334 102
2019 1436 711
1236 798 271
849 1584 506
4854 2610 805
2701 3227 575
4209 859 651
3521 2444 605
1145 535 865
642 4381 794
2321 4110 652
2505 2241 671
2296 1313 521
2217 4174 979
4849 2774 319
4861 4060 404
456 1077 324
812 2698 515
4171 2566 893
2662 1262 92
3307 2232 190
234 1940 574
1716 751 802
4448 2672 295
1867 2088 812
1351 2989 556
1839 3975 633
1010 3864 274
1192 3346 773
3666 3575 373
555 2237 19
1928 2219 770
1317 79 825
2184 3313 915
3008 2033 430
2130 4016 675
2207 1984 23
592 3179 27
2013 4370 592
3204 1800 477
2416 2279 837
3546 2998 931
3807 4759 196
264 1512 484
3567 2791 802
2612 3093 694
534 326 942
1884 2805 805
2908 876 779
1760 1012 245
2047 4223 353
3411 4651 450
3628 155 845
565 2271 647
391 1337 779
497 43 655
1517 2085 588
3812 2083 101
2920 189 600
4149 392 416
4257 3601 210
2349 373 898
4086 3719 478
1696 717 733
1251 3484 715
1027 2315 751
1733 1430 861
2363 779 227
4583 2323 408
892 1164 457
1716 1611 266
3347 4332 217
220 771 39
3458 1167 466
2220 2312 860
1948 3839 809
3912 290 845
2215 1150 107
3324 534 98
4858 1336 719
4897 4482 197
1959 3826 172
4015 1061 634
1549 3662 869
2710 3236 358
3145 3393 332
184 3571 383
1868 116 285
4855 930 218
4395 127 79
3209 1957 508
1305 4217 739
4004 4039 900
599 1961 633
2420 1810 289
2600 4895 909
3534 4884 360
6 1982 942
1241 273 961
319 4364 760
2920 3385 409
1882 1474 164
3975 3701 364
4991 2628 17
4014 2905 526
2083 1878 314
4562 1956 282
4325 3706 657
4864 1476 255
4962 3997 352
4180 4227 771
54 2911 332
1656 2191 203
565 1400 776
3916 919 383
3948 1625 411
2779 2870 172
164 3456 486
2039 4817 13
903 4024 721
2310 3331 261
3499 752 877
4287 2259 393
529 3325 209
4485 1951 924
2490 4874 967
3856 4143 498
2801 1060 455
3687 3139 240
1913 140 331
3332 2682 227
3287 1219 700
465 3919 78
2356 1841 150
4844 3237 57
630 4252 772
351 4608 932
650 4904 127
1642 1451 790
2836 2636 442
1686 4648 46
3990 1985 215
1883 732 684
460 2915 310
4588 3782 313
1879 2195 780
1585 2916 726
1201 3973 922
3056 666 371
3556 2938 596
2676 4811 28
2391 4827 842
3580 33 824
3755 4989 354
3736 546 594
2793 2134 432
3175 2199 217
1767 1738 542
3943 3993 594
804 607 115
766 4287 503
3195 3053 627
4213 2807 427
4017 4558 911
1801 423 544
4135 2069 654
3369 2307 765
4112 4566 975
2122 4652 467
4025 3106 379
1542 3811 329
2230 1216 265
3456 1902 5
245 1151 368
1977 248 799
1035 4919 245
3994 3648 87
4656 586 65
3573 2837 199
305 4292 765
1480 1778 896
1058 2314 850
3082 277 87
1349 248 57
2001 2123 561
3614 1040 480
730 913 306
1279 2138 15
4420 2830 292
194 4316 762
4853 4146 621
179 2732 224
4068 2829 291
1554 2235 642
539 1439 505
2514 3445 57
2125 2172 106
432 4494 88
3186 4777 322
4865 76 960
2678 3812 430
4517 561 27
1925 2528 37
4114 3941 7
406 132 348
4903 1886 348
3277 1983 677
1806 217 701
3779 4365 710
2912 313 537
3263 3805 716
921 1746 617
1747 1559 887
4963 624 985
2377 4880 910
1188 814 89
2189 4011 858
2746 438 139
4786 4576 630
2656 1942 515
1802 569 694
3056 2815 544
1547 1282 643
2640 4822 386
2785 4688 928
1933 1210 211
1289 3323 869
4120 591 393
4751 2151 10
2880 3649 498
4628 2983 21
3905 3793 574
2181 4550 530
3118 4874 109
3125 1615 146
843 2576 810
1371 480 342
4308 3917 784
1967 4712 682
255 1359 8
4023 4162 906
336 35 656
895 1719 269
2763 4124 10
224 2948 777
2023 2513 875
3332 3234 307
3144 1197 354
811 2664 379
165 4704 617
3191 4692 872
724 3944 921
4297 4788 899
2354 519 447
2245 4669 87
1885 4097 898
433 4761 94
4148 3015 539
405 4591 541
3427 1390 342
209 4127 127
1838 4264 229
667 4941 873
3712 2956 83
2709 4264 935
3378 1619 233
964 4410 488
4873 4974 697
3395 3020 300
3713 148 459
583 2732 89
4429 2718 465
449 3442 971
3931 226 737
3815 2266 156
2470 1070 346
4027 1102 968
486 705 403
4163 734 49
1740 1490 655
1488 1683 998
27 1359 893
3178 1278 940
938 987 884
224 183 286
1899 4637 621
4743 2891 816
4681 2013 427
1851 2674 466
3365 2861 966
1260 2435 398
4992 1905 658
741 3038 659
3521 4542 704
319 1359 400
328 1593 717
787 2107 817
1987 3824 912
2073 2844 944
147 4406 422
2750 4520 768
2080 1019 367
2887 4525 912
4095 1636 689
4886 2660 366
506 3642 526
3942 761 208
2010 1340 571
4289 576 372
30 1848 438
4825 4491 643
711 2475 827
1758 2967 47
992 3693 488
2924 2848 684
927 1992 165
3945 3102 169
2155 3771 31
4906 3783 552
280 3578 625
4654 300 108
1882 1168 990
1685 3512 965
771 3815 948
2349 3263 221
2913 861 312
760 1707 555
1212 784 512
2538 2906 3
691 2775 609
2883 1103 477
4376 4614 149
4739 2451 173
1697 2704 258
4403 4222 223
3773 4055 375
424 1384 254
617 4408 524
2771 4955 77
4469 2748 16
1029 4352 169
325 4236 137
3990 2713 480
4554 2297 865
652 3355 497
1624 3222 79
3759 3231 571
2948 2494 122
3843 2555 834
1457 4398 242
870 4830 587
2797 231 235
4299 2313 237
2609 2395 233
615 110 508
3657 860 964
4396 1199 521
4203 1033 39
4115 3135 701
4774 4757 15
4438 4579 754
4109 3586 547
403 2627 59
4059 3765 551
3229 3163 321
1434 1273 810
2192 134 7
4644 2590 721
4575 4934 22
2537 3057 928
3747 766 56
3600 3722 867
205 1164 795
3591 1687 665
3251 4965 19
3157 2105 307
1930 3897 852
3350 2648 336
3676 1586 821
830 3737 586
3941 874 68
4021 2789 243
4205 395 670
3251 1595 940
2932 1061 437
821 1409 122
1180 3971 239
2341 1788 877
171 775 918
3410 1480 674
737 1536 262
286 1371 737
1796 3543 194
4325 3442 656
1007 350 980
1948 2099 866
112 2652 332
4544 1271 58
4525 2978 379
1901 3680 63
1274 815 371
3060 670 474
2748 3064 451
1408 549 257
1793 3100 857
4359 3332 655
2123 3914 165
4575 183 98
1052 4041 549
4076 1933 95
3370 2939 838
4979 3161 109
2697 3893 396
1005 667 421
3852 1141 550
4433 3109 398
4023 1962 832
4083 781 176
75 3887 718
1841 1060 718
2627 1740 768
1408 3127 198
3347 2029 205
3861 2021 154
2419 3925 186
185 1399 302
4584 1827 952
2510 3262 590
2362 2344 215
4361 1031 142
564 4586 228
3914 1214 369
3802 744 209
3784 3881 526
670 2208 344
4433 3243 635
332 1166 290
4282 2027 708
2191 3751 96
3206 53 799
3927 3785 167
2907 4372 667
2050 4980 767
983 2331 351
1770 1893 36
4824 2202 682
2607 1077 873
292 3093 277
1019 2375 213
2275 1247 632
1177 1271 276
3410 354 392
1081 2206 8
1668 2905 351
4419 3671 880
1074 4152 715
3482 1812 935
1383 1460 238
254 1875 953
2164 2025 961
4920 2418 205
3719 1230 625
4642 50 78
3336 832 271
28 1131 356
1320 3669 36
3396 553 822
4756 1505 497
2447 1609 813
2856 4517 927
4592 579 704
4182 2172 425
3041 1264 269
3978 3574 236
1380 357 443
214 2839 737
4422 289 92
3036 3293 60
943 3924 705
2416 1104 551
4745 1881 550
653 4579 179
4526 1056 914
2391 3905 438
1623 1818 713
389 4691 831
1020 1784 635
4513 4096 813
2649 120 407
3249 381 30
862 3009 404
4440 26 468
4030 1360 662
4589 829 423
1717 2513 469
463 681 298
3889 862 190
3904 1665 600
4461 4700 709
3090 2845 834
3833 149 492
228 4197 9
1776 962 100
1337 1329 933
4225 2366 610
4715 244 13
2858 3626 371
2759 3095 173
1933 3282 306
3120 105 30
4369 2724 70
3995 2254 922
767 3256 253
4733 2139 199
4944 2588 400
4199 2434 752
4436 1852 475
2475 4625 992
561 3043 627
1813 490 248
3555 1995 395
2612 3583 485
1228 739 123
2284 1014 615
3693 2868 711
797 1455 442
4023 2514 294
4305 4415 211
2532 32 120
1833 4232 621
4437 518 457
3251 2644 190
2896 4402 549
4107 1811 986
3602 4793 180
1146 1063 535
158 3403 589
896 363 865
502 2947 630
4655 4137 991
261 791 816
2597 2776 705
4998 3429 677
4509 2743 360
3269 3290 990
1846 3258 439
2918 94 416
3638 4584 513
489 2762 319
4785 2274 48
283 3825 24
3475 1301 869
360 746 851
62 1089 27
4009 4096 58
4993 2280 334
1443 4049 159
3122 1792 453
408 3833 332
1097 608 849
2652 2553 210
1234 2599 153
3071 3439 289
4242 3930 649
4235 4974 821
1524 2294 573
2365 2873 696
1276 4932 463
2415 1004 573
897 4347 899
3407 3250 196
3469 452 969
4279 3933 779
2613 4143 731
3618 1218 242
1137 2787 74
1377 3937 504
2745 3804 251
3137 4557 768
4720 4578 996
3894 4765 511
1425 3190 738
377 295 85
3616 2313 357
358 1450 375
3746 1376 368
2152 3411 911
4266 99 168
4047 3704 365
3806 2558 389
3907 3135 91
3800 2255 943
871 924 688
2541 833 955
775 3845 323
422 4481 29
3676 1172 87
2254 2991 270
912 3850 408
99 4501 928
3378 4080 451
602 1042 224
2326 19 422
287 4148 24
3765 1752 310
3407 2687 225
3531 2982 489
919 3085 730
2643 2062 260
664 55 678
1996 265 359
143 4116 768
2250 387 662
1322 4727 94
4202 948 36
4673 4771 3
545 605 538
4774 1110 979
2065 1509 286
1192 1355 347
3405 1314 19
4604 3853 453
4051 3152 88
1928 1396 823
980 3808 462
1952 2921 906
1563 1648 787
1131 3223 240
585 2003 180
244 3659 131
2556 857 900
3965 4926 322
2512 750 923
4912 4211 875
4177 2301 102
102 1216 790
2827 3013 1
4131 613 44
3570 88 520
3970 1190 820
2772 1505 247
4249 1544 338
1444 4679 77
2369 3451 627
1935 4916 144
1346 2306 617
1917 3098 92
1566 131 964
2741 4262 592
1571 2424 715
1225 4002 244
602 613 170
72 1579 807
2814 4777 933
150 2667 463
4436 1491 260
4382 4409 445
3537 4354 551
2124 3512 131
1141 1500 217
2304 181 264
1743 3820 170
2624 3569 708
1120 394 104
550 2493 432
1364 791 696
2730 2275 247
3160 3320 607
1312 2550 905
4629 1024 211
504 1330 785
1402 4695 529
73 2046 437
3330 2684 642
3639 1453 23
881 1438 243
4290 632 10
3627 4489 424
3583 2204 874
4887 1790 334
3613 3507 873
4661 23 175
460 748 408
4577 4230 361
4722 4813 983
2721 4804 968
2502 3454 470
4773 614 97
3532 293 286
3798 412 169
3853 3088 545
2256 3132 475
1606 4191 11
4930 1850 874
252 731 532
2394 221 153
2371 2947 971
3909 522 674
1496 2454 413
685 3215 291
2438 678 283
3074 4797 223
2793 4518 188
4823 4999 65
4933 929 23
2032 1158 173
4929 3210 962
4849 2958 671
1280 4677 239
226 2233 410
601 1881 408
4558 1173 838
1207 2859 584
4500 2925 294
1059 3109 952
2475 1970 89
1589 1877 202
3285 3007 615
2581 2891 961
933 4461 279
1342 3168 520
706 483 910
4574 1009 72
4684 1406 730
2569 63 615
4917 3563 432
139 4307 998
736 4297 595
2931 4586 778
4613 3862 505
192 2598 166
3980 657 389
2259 3900 525
4707 1925 943
875 2776 654
3000 2851 369
4144 1253 991
3454 89 434
420 3135 309
3505 3252 266
2758 3503 308
2346 297 186
4870 4282 188
1330 4524 190
84 2139 54
1705 200 568
2517 4316 984
1120 1267 868
151 1634 140
3896 3524 510
4231 1033 141
84 3078 447
3013 1635 246
4924 704 970
944 3643 417
1885 3177 795
4035 4477 838
2746 244 838
1008 2086 251
4977 2930 663
4252 3428 616
2380 3277 32
2011 2885 703
841 1047 440
831 2022 735
4957 3109 710
3826 4609 930
4734 4757 735
152 2407 374
733 1635 966
3711 1397 761
1374 1668 37
1050 4954 973
3844 2155 699
106 426 96
4839 4406 23
1107 277 986
3968 649 101
915 3719 681
96 4848 194
3783 3084 38
679 3213 993
886 3920 181
4358 282 218
128 4507 553
1327 2616 264
3256 830 710
4181 1817 687
2312 4408 142
1920 622 7
131 3879 88
4447 2323 427
4879 4720 245
3631 3457 902
1640 4136 77
2614 2652 136
2187 333 578
1786 3961 560
2045 3138 595
1804 4769 960
3880 1165 512
4776 1451 188
3343 1899 108
4707 570 819
1025 951 910
4108 4856 52
3049 2068 129
65 505 674
2477 4057 56
1608 3379 975
2024 4489 960
282 4411 630
4769 4952 271
2694 2779 598
1897 4155 47
397 1890 373
1164 1537 116
2251 2330 236
1263 2189 836
1307 2232 164
2682 301 64
1654 1522 810
3486 4233 660
3192 1800 364
3364 2321 511
1145 4533 662
2471 239 439
398 290 575
38 1970 665
698 2245 147
2508 242 901
1649 2238 161
218 3742 295
3036 1795 200
4958 262 8
2932 920 299
1062 3609 92
3267 4845 757
3296 1870 721
2058 3281 191
4935 4452 795
702 2256 20
953 3558 671
359 4068 896
115 998 466
4397 2302 948
1978 4749 831
4543 2127 614
4106 1860 649
248 1756 285
2352 4401 457
2486 954 757
409 4599 2
3988 1087 522
4227 3318 662
2982 2740 685
3307 2271 180
1337 3790 151
2106 3069 601
2601 3048 736
4062 1157 14
1117 1279 842
4948 4404 786
2499 3939 130
3357 3970 36
2701 4568 883
4755 1730 224
4324 460 502
3843 3045 898
634 1926 114
1286 1623 7
4443 1091 251
2154 4291 741
2129 33 766
2091 1727 62
2454 1550 146
4660 3196 851
3920 3157 885
3999 417 158
707 2939 490
1089 1580 794
488 2114 482
4364 4487 104
3880 4374 782
3377 3753 767
3758 2398 899
1527 1109 708
2628 632 687
2703 1220 715
588 372 122
723 1994 613
3806 3233 864
4337 4855 217
1087 729 27
849 1315 123
3564 2653 565
3754 3982 59
3712 1770 168
1014 2816 89
2981 3537 845
2497 684 608
4505 3392 203
330 3352 249
72 4548 451
4621 4506 933
2666 3610 905
2437 3787 937
2265 2283 485
749 37 488
638 2421 85
1461 4151 58
4322 130 132
3869 4992 546
3165 217 363
3082 4878 142
2903 971 123
4919 1288 272
1806 1072 943
3734 1542 402
4947 2518 845
893 2539 941
184 2079 107
4967 1184 989
3372 2617 214
2471 644 675
2575 2687 770
1995 4098 63
2855 2512 120
3748 1332 615
3536 3893 119
3116 1055 861
3154 1347 888
717 4649 920
4627 3866 148
1993 1958 227
4355 3932 18
1893 559 813
1211 2188 391
4420 1846 888
3239 3791 699
4877 3519 142
4306 1717 518
213 1746 832
283 4 553
2170 2880 644
1516 4342 112
4812 2427 248
2575 3868 625
1183 934 862
743 864 978
2687 3291 595
4783 864 431
386 482 619
4026 858 55
3124 3 249
2347 2526 554
3028 709 905
2398 4477 982
2162 2251 614
2191 966 115
3824 3797 965
2993 3576 517
1539 2208 144
1283 3450 944
3447 1945 915
3830 3440 71
3219 3286 918
3542 1953 328
1508 801 722
3054 4121 41
4571 3559 511
3067 613 65
4294 2756 714
4527 4950 985
2381 4257 573
1667 3453 601
261 3065 372
724 2826 799
801 4736 708
3081 1716 753
1220 3673 342
1803 3728 386
1130 4911 864
3181 2068 281
4003 2405 473
737 1718 774
817 3404 415
2388 338 72
