5000 3
4268 1814
2461 3031
1401 3051
1106 1413
4443 1522
2402 4558
397 1892
1162 3415
2450 3444
2994 3773
187 1385
433 4824
2693 3552
1812 3803
3212 1902
1121 3131
1475 3888
3171 817
3869 3074
4478 2660
4145 2191
4386 856
1365 1663
2873 1281
4915 1062
3708 3772
4054 2719
2512 1238
3121 2285
4787 2489
3279 4039
2446 3809
4019 1570
1766 788
917 3206
2271 1189
4129 4596
2964 887
3034 4100
1854 1251
3750 749
1914 3251
3654 4424
278 1125
484 1230
2287 3469
3149 7
3777 4265
3768 2459
2522 2060
1767 1898
3928 2862
48 2999
2403 3536
1974 161
4522 2554
2641 3364
2539 1367
3321 3473
1497 3326
1709 1290
2217 3423
2711 4712
997 7
3860 1243
3876 4671
3117 4582
2760 3298
1975 4011
304 3877
1794 472
2537 745
4657 3923
1389 2867
2387 3955
4007 1828
2396 4943
2150 3490
1224 4493
4013 2811
477 2492
1370 4732
3791 1651
2593 1966
1051 2700
643 431
1711 6
4729 3102
2602 968
1504 2682
1745 3562
2712 4546
817 3472
543 2186
4280 2229
2988 3663
1478 2171
3695 4464
3557 2773
1413 2944
521 4763
562 4535
1324 2872
1346 2365
3412 850
2540 3284
3593 107
2896 3148
256 1166
4134 2417
688 4472
325 2205
786 3317
2255 1287
729 1736
853 2445
3640 690
2073 4814
161 2339
1873 2016
3670 3198
366 4205
3563 1759
1947 4530
2884 949
965 1208
4525 3604
371 1223
87 1464
3720 4604
2049 498
2591 2767
2818 3749
4900 219
3659 4328
3238 3517
4247 1502
4541 1454
2311 390
2300 2187
762 2168
1968 1448
3666 1456
806 3672
1331 4311
4914 1672
1742 95
1913 3885
2033 3950
2667 560
2720 1847
4263 2735
3396 669
1514 3735
1927 1689
4297 2504
3645 4564
1769 3961
4943 2386
3652 4688
443 2815
98 4766
3835 608
3499 2645
3767 3628
1353 2218
1891 4782
3587 1711
3416 4044
1735 1236
3863 3043
4919 1103
3850 3518
373 396
826 1132
756 3288
3356 1670
4427 2977
1373 483
2334 3379
936 3111
3145 3823
1802 1239
4214 4037
2622 2735
2436 3511
3988 2004
445 2958
2164 3577
4879 1946
1849 304
2211 4561
1581 1950
4346 665
452 4839
1443 30
42 2955
1697 1078
3312 3303
2840 46
2470 3216
985 4521
4199 4523
343 3068
3335 4189
3608 3072
3033 3329
3870 3193
3142 4669
3011 2385
2536 1597
2073 1607
1030 2025
1744 385
3624 2090
3772 527
361 883
1737 611
4046 3661
3877 4606
1808 3645
2039 3248
253 3393
814 3726
3241 645
2212 2947
1572 106
85 2762
2824 3474
3968 1876
2199 1436
3935 1699
2744 3222
878 1351
1377 52
3124 181
2201 2421
1991 1379
3321 2186
2437 4583
1918 2971
747 3389
4991 267
125 3113
2910 723
4579 996
2443 3243
4033 1991
548 4347
3650 1701
3636 3752
1796 628
453 30
4646 60
2822 916
15 743
208 4521
4802 758
4444 1013
2847 4063
3798 2070
1298 1411
1327 1883
2474 1751
1317 2592
1462 472
2603 3329
1179 1840
1593 2877
656 1018
943 4458
764 2766
2726 3786
4751 1937
4561 1547
1231 1599
1895 4797
2356 1479
2372 4318
3895 3426
3828 2204
1235 563
3551 1401
4694 2584
3952 1681
3527 4198
2854 3395
2564 1118
1151 276
2761 2157
4665 4219
4634 3886
4045 4016
4482 1802
3076 2168
2998 2743
2728 4868
1186 1438
4773 1951
531 4890
2482 2597
2685 4619
2251 1129
4431 911
1416 35
1718 1568
2494 4943
4706 3186
3199 2517
1132 4598
1291 4362
1697 583
503 374
4845 1695
1866 4943
746 482
2917 444
3732 4040
4833 1052
3721 1407
21 2414
1339 4150
22 801
1310 2402
3302 4577
4680 931
2006 4320
3217 4883
4777 756
123 1270
2108 4718
2534 2611
1332 1235
4877 2276
2115 3566
1518 1361
3359 1152
2777 1736
1388 3237
1138 4752
1573 4451
365 2092
2909 3023
1482 4269
1843 2999
2292 876
4449 378
1363 790
2778 2166
3552 3775
2472 4082
3619 688
1657 4808
4038 2069
2087 1652
4035 108
476 4767
132 756
2933 2575
2243 2165
3734 3829
1268 1734
3614 2680
1174 2072
668 3661
4051 1671
2194 3296
3636 1163
1402 2838
50 2686
2799 373
2464 3278
1566 1899
3113 3458
3732 3961
2414 1242
4950 97
1763 3904
4615 2773
366 4504
4330 1328
4603 2389
4102 2861
3069 3509
1847 1215
4831 3946
285 3239
1953 3075
526 4964
932 956
4747 4073
3740 3690
3315 4975
4861 159
635 4089
4732 2260
1136 62
2469 2564
257 3769
2019 3038
2920 4422
271 2886
3091 3257
1678 3913
3370 1891
100 3943
807 4293
2121 4375
1685 775
4239 4905
942 2653
3400 871
354 2668
2214 1240
3748 1554
2760 1679
2308 1289
4195 3936
1824 2933
1096 4409
3272 3961
686 2030
4762 2771
865 4927
289 529
1319 4050
717 1501
495 4835
94 4262
3905 2305
85 241
1296 3837
1060 857
2042 1412
2210 2945
3302 3143
2209 3511
1237 3378
993 2200
1676 1964
2333 2005
20 418
4032 2615
2951 4269
2355 2932
3617 3312
1528 1204
2112 666
1396 4660
4242 102
2956 2519
2361 2309
1908 3761
1538 1747
667 3211
4065 3034
4026 3079
4901 4474
2627 4801
1573 1862
1069 3497
1659 1232
2872 2245
1245 4369
2816 98
233 3117
2010 3906
429 1716
4708 4028
2975 801
3929 1294
180 86
3005 1030
4818 2974
88 4698
3952 4516
4375 1128
455 1314
1816 239
2865 1558
860 316
4299 436
721 4587
2108 4733
4628 611
77 3209
3206 1154
3675 4113
999 222
558 4946
3500 2540
364 879
4975 961
4565 834
714 1672
1114 2545
2338 4619
4418 4463
3415 1570
410 887
4447 855
4338 4066
515 2522
1664 2022
1184 2617
936 2552
3463 1587
3136 1229
3848 1923
2932 1170
4506 617
870 4268
3247 4564
3627 769
4527 568
2185 458
2730 4984
4187 3617
3705 3577
3211 2813
3560 4916
1423 4309
3716 1228
2408 1671
3471 4578
4281 3895
3605 1131
2946 263
2293 4579
4783 2335
2720 1677
2059 2197
3487 2573
4516 2745
121 4688
3858 4731
358 4335
3531 135
3197 2999
3703 4857
144 3588
1059 4153
703 3057
4534 1981
544 4461
4670 1347
313 1596
2545 4655
3690 4221
591 1954
1751 889
1265 4379
4682 4969
243 978
4327 4549
3950 2576
4387 4563
2855 1326
4866 1299
4960 934
1004 2244
1625 642
4699 2290
3527 1840
660 1653
3220 2363
1472 548
4333 3401
4214 1989
1969 1354
4993 3447
13 2485
4156 3704
1489 1885
446 3535
4138 2115
3928 90
472 1723
1869 4506
1378 1007
3452 4712
3514 2143
2287 3972
2393 1924
2274 2461
4664 4682
3121 1515
3391 1147
2307 773
2177 4635
3730 1515
4972 4690
4791 2363
3147 2857
4848 2116
3162 1179
1370 1021
601 281
659 1683
2071 3283
4166 4647
3861 1567
31 3282
165 64
3857 2091
2873 1463
1580 2672
4430 4878
1087 524
2623 1931
1537 3470
3414 4904
3582 58
376 4835
4204 1798
2701 3692
633 475
1163 1458
2044 160
4466 2148
2495 3479
1694 3430
1299 3840
824 1066
3042 2012
4303 3739
3662 2925
1227 4839
48 2952
1081 1523
1707 982
306 4644
199 317
464 1820
4249 2577
76 1149
3924 2228
1889 4032
2923 2828
3734 2518
1306 944
774 4052
4607 4742
291 1316
4386 3053
1326 485
3459 1616
2077 4096
3078 3358
707 4533
4554 4744
2699 2278
3571 783
1209 4407
2214 4451
268 2392
3566 1836
3008 3679
457 3203
4456 3926
1063 1966
3624 4069
3792 3882
4802 3287
3454 2840
1022 3776
1293 2778
3230 2802
1266 1103
4010 698
2210 3123
4209 2076
1850 2588
3044 353
2787 1185
2255 3576
1367 2848
4455 2482
1993 3310
4346 1034
2222 2352
4111 4779
219 4862
3850 988
3196 198
2984 544
3161 2163
4714 2490
2453 90
4315 1697
1963 613
1805 3208
4359 2383
3471 3412
2688 788
2987 1084
2543 2127
896 2579
2675 1492
4215 2863
3689 3985
1991 567
2402 1333
4414 2965
712 893
4012 2167
3265 2647
4736 2198
1381 2220
1498 2805
2878 1972
1017 4158
4754 1986
3783 1526
856 4735
951 1360
1809 4323
423 3126
592 1134
1006 185
3067 3951
585 3346
4515 549
2116 2157
3637 3286
2702 268
1382 3101
508 4294
2908 2322
26 4779
227 4769
3850 4976
2742 2555
1024 94
4725 2466
3648 267
3735 680
4944 3678
548 2501
4090 2305
960 725
1084 3006
1705 3582
3764 4535
4087 2007
3090 4298
232 3140
3365 4237
180 2721
536 3551
1269 958
2516 10
4544 4094
3711 1383
3215 1445
2115 2820
4284 4399
2573 4314
2234 4619
1895 952
2427 2533
212 3733
3025 1176
1543 1961
4889 1890
3898 2498
1974 4399
4302 4308
2796 2521
1290 3474
4273 574
2464 1001
2561 1836
3927 3320
4541 4711
4243 3068
149 4673
1465 3367
3344 3
1534 1740
178 2930
2507 3707
2946 896
3750 1859
2236 4412
3414 3859
2719 1119
2941 3935
566 3914
4998 2304
755 174
2670 1900
4724 1920
3024 3273
4466 3089
1060 1574
1459 1579
2085 2270
4540 271
2415 684
429 3693
1720 2788
2016 1618
1927 2034
4623 4362
2535 1136
4999 2663
2082 2093
402 678
869 824
2893 2951
4032 3224
4149 362
1501 2986
4768 4312
1732 2101
2667 100
1158 4983
2245 407
554 3004
468 1540
3366 259
3940 4695
3091 1451
4801 4731
425 4701
1540 2173
2493 4013
963 1603
1915 4679
4456 3686
158 1849
1070 2897
3203 4294
4602 1525
2203 2867
1518 4979
766 2900
1759 1658
1418 1365
822 4000
4139 2703
1300 2312
2717 4256
1394 4162
1430 3819
1244 431
3388 1980
4329 319
1028 806
3495 93
4878 2224
349 3901
1741 190
3539 3317
2590 4336
2147 1817
1954 190
1183 47
4784 3464
1174 1247
155 3254
933 1858
4826 4629
2246 483
1996 4738
1556 1433
3918 172
4575 2953
3030 4850
1275 2093
3159 1059
2976 1123
2329 1541
262 2161
1395 3070
4084 4419
1116 1174
4068 1442
148 4395
3608 3672
530 1050
1825 3297
1751 2853
2552 2350
1924 795
3168 2353
2113 3471
3151 2120
2977 543
4399 2565
1911 977
4414 2846
1285 3854
2090 2790
1140 1221
4875 2157
162 1539
4947 4477
922 4970
4303 1931
976 3449
4443 3668
3027 377
2149 4538
3704 2053
3641 950
1242 77
1720 870
3337 1707
1477 1637
2583 3719
3710 1723
3651 4755
3121 4297
1323 941
3777 4867
4158 4973
1429 2010
1002 4683
2325 1330
3308 4281
1606 3979
637 4117
2008 1286
3040 4880
939 1715
1889 3055
3425 1015
942 3706
2937 2917
3754 3176
4233 141
1753 134
101 2164
3597 3313
4219 4299
799 1159
4594 3395
74 1923
194 4728
2852 577
4251 2009
1501 4585
2175 2055
2877 4313
3887 3947
4143 1658
2600 3510
1676 910
807 2447
1507 1138
2369 2594
1487 3640
4863 4872
823 627
3973 1102
556 2434
2797 883
2229 1365
1685 218
1160 2319
4193 3478
3243 1643
4908 3194
1234 3436
831 50
1142 3618
1846 1196
4224 4080
2340 3653
4024 1053
1515 3018
677 3905
3971 1392
4186 2283
1222 4607
1509 1402
1949 1445
1638 2980
911 931
1896 4184
4384 4082
3876 643
3153 4449
235 796
3726 1601
1194 1404
3443 1020
76 3139
3976 4903
4996 4959
3904 1994
100 2715
3548 669
1015 1294
2751 3772
2477 3011
1900 3902
3188 1036
2489 1264
593 2998
4767 1581
4810 2217
2462 1575
2676 43
1812 3910
3990 2828
2324 3038
109 2777
2739 4714
3427 621
2931 454
4765 2043
3980 2002
2381 3922
3504 1255
405 1728
885 904
2808 993
4339 2056
4053 3648
837 1506
2357 424
4831 2639
2625 1178
780 4126
1093 156
1485 3878
2820 3568
2811 1799
2692 2336
2385 2630
453 3852
3658 4300
186 1293
688 4658
2088 3511
1532 849
2717 3453
4336 2902
4671 2892
2706 4792
2878 1600
71 3908
1986 3419
3399 4426
1074 3502
678 4441
208 4263
1426 4600
2372 2529
2742 4048
959 1687
2294 623
3123 2168
752 3380
4819 1837
4616 2969
581 1283
3963 3084
3658 4663
4274 4666
4508 403
3515 2399
1882 1325
1637 740
2685 1420
16 1181
4753 170
2547 961
4828 3239
3687 412
113 67
1057 3319
4493 1973
4434 575
385 3643
2183 2606
3917 2042
4980 1273
1088 538
811 1721
4228 362
2392 3130
2431 89
3915 1299
2659 212
1129 4218
898 1582
3156 1432
1980 274
361 559
2255 4185
2079 3959
3629 3049
1745 2622
3971 4964
4898 2385
4067 2228
2370 3613
1628 2451
1842 2676
4644 3902
1765 1409
144 1621
1702 3275
4900 4272
4626 3215
4436 2825
4632 2242
2782 2860
113 2658
2066 2690
4612 4219
53 2792
2190 1938
1427 3871
2337 2631
1328 3865
2000 242
3423 4246
3225 2504
4992 4103
2137 4677
1512 2639
2226 1982
3501 867
4723 128
3379 3358
2099 894
3864 1858
679 3311
316 2505
2299 1413
3142 4842
427 1289
4033 620
1476 2837
1983 1887
2039 2950
2959 4088
39 1823
2069 4519
671 4251
2894 4898
2858 774
1386 2247
802 506
2241 3700
3139 2864
1688 1272
1760 2609
4016 629
693 3609
1124 4061
4689 2600
392 2863
393 4256
2719 3338
1844 4535
3368 714
3913 2500
4496 111
2754 262
2604 2947
1173 4488
409 4092
1801 1576
2373 3953
4291 1749
89 3592
3497 3874
1960 522
2548 3698
1269 641
4026 175
330 2119
4429 528
5000 1283
25 2358
4201 3037
4994 4134
1013 3172
46 2602
3074 4171
2790 2426
1371 3001
1529 406
4636 3729
3322 974
3535 3482
1399 2282
363 4874
4803 1627
624 219
3313 2322
2716 117
2812 4255
819 2646
1815 130
3743 334
4579 2821
3882 1432
4296 4684
1495 4097
4260 826
4364 2115
4522 1240
2321 3092
3966 3008
3174 2779
1746 4618
4385 2174
4128 4992
973 1369
4863 1654
3285 2502
2409 3097
1049 1098
2836 4073
4075 3301
2389 1169
3483 3426
1845 2237
1435 2073
578 466
1940 2474
3591 865
3802 1277
2766 4394
4772 317
3430 3391
3770 49
2223 439
2763 2110
4301 1900
4084 3363
3449 4838
4426 848
4038 2429
4620 1387
1822 509
4898 3058
4270 1274
2860 1410
2907 2919
655 1342
918 520
2239 2002
301 292
1956 3599
2052 863
1417 1749
978 4856
3833 990
3375 1832
2719 481
2344 1092
1373 632
4807 2135
2024 2319
4440 880
114 4872
4339 1737
4912 3319
3174 14
190 4638
104 1188
4457 3678
2694 4221
1486 4077
2551 1957
3032 2001
1523 697
2381 4663
2995 1853
689 13
4343 287
1788 1116
1745 2503
4444 4274
4956 1453
2146 4244
3166 2876
499 3006
4836 341
1277 533
4209 3626
4917 414
1453 3913
1975 2268
753 4175
4511 2880
3626 3655
2578 760
909 258
4763 886
1936 246
243 4719
3381 3191
3147 1563
899 859
1115 3867
3101 3258
3369 4241
1787 1412
4323 2253
2449 4271
776 4293
3713 3529
4358 4462
2190 2061
3750 1839
1976 4990
3524 4007
3885 2966
2856 1104
1128 2651
407 2625
3122 994
2377 3055
2749 4095
4758 3241
712 3611
2544 3353
2669 2567
539 1855
3462 3371
4823 1663
2147 24
4566 2266
331 4161
3465 3911
3348 128
1698 1854
4821 2906
4256 3888
2071 1318
8 660
4841 111
1864 3957
3698 591
757 2175
3501 1245
4564 742
3203 1588
4483 3786
68 2367
2359 2889
3847 835
2289 2830
4400 2741
1853 398
2362 275
4361 3392
1771 1793
4271 237
1277 4439
3408 3511
4160 369
1440 875
3063 2200
2068 1117
2214 3386
510 3112
709 4453
2822 1441
261 4478
3741 435
4494 1167
3202 386
1535 1125
3104 2214
3193 3949
908 2195
1308 3068
2343 4718
2898 3250
4190 3536
2675 2158
4850 549
70 2910
3399 2899
4550 4458
713 3016
4837 1253
1139 3353
4609 2823
890 3817
2325 4677
4231 4826
1230 3656
176 3427
981 2134
458 4079
1410 3479
2161 903
782 2863
2802 4319
510 3838
1177 625
3074 3960
2281 4058
4538 1320
2428 4751
1683 2419
3073 1520
1278 384
3126 3103
1734 2384
4197 4181
1055 3493
203 769
605 1981
462 3918
1779 33
2402 3193
2959 2293
1381 3141
1530 4432
979 4558
2092 3647
2856 2582
4205 1682
1064 2158
4646 866
4159 1687
926 1406
1161 1165
3404 2922
56 4640
2492 1379
1108 3224
522 4332
4937 1055
1624 3262
3969 2815
106 4353
2401 2136
809 1063
571 1191
2195 984
3295 777
1437 4954
1552 4675
160 280
1197 2003
1955 2850
1840 648
4207 1946
3059 1853
3255 1270
2852 328
4016 2122
3181 4704
1973 2345
4646 3457
2078 826
1958 4144
646 3125
376 1086
3506 3080
672 1084
2481 1337
222 1521
3625 678
215 1518
204 2268
4785 1949
2266 3226
3390 3376
3871 1205
2503 1597
1520 1837
1034 4832
4750 1029
4255 269
2851 1233
2694 2747
4382 2030
2526 4102
1595 2775
2251 3345
3625 4195
4234 4239
1777 3196
945 3797
2980 192
3809 3723
3667 4313
4159 803
2961 3333
4034 3023
345 2462
3619 300
3695 66
3992 1979
877 1461
1632 2791
4598 2957
1258 4270
3097 1544
1840 4891
2668 3767
789 422
539 2462
1755 3921
3401 1258
553 4989
2095 1222
3736 4631
546 785
4610 994
4840 3900
232 625
1393 4858
1427 426
3849 2185
1201 4809
12 2958
2369 1582
3417 47
4770 2006
1110 2412
4706 2516
1992 2800
4218 2698
3242 1628
3725 2765
1562 2169
2128 2809
1407 834
1914 4277
1809 4749
353 339
1041 3894
2450 3799
4540 3099
3134 4660
2038 2808
4173 1319
1919 312
897 1378
652 4994
3938 671
1585 4115
293 3334
3598 2966
4671 4871
3291 3489
1395 1776
3141 2727
3132 692
4410 4278
4821 614
1039 1848
859 2146
2041 840
1621 1449
2360 68
2479 19
3070 4365
1501 2552
4427 1599
745 3212
4954 4004
435 1939
4617 3830
2960 4614
2488 2818
3173 1231
2624 4170
1693 628
786 1644
4968 1320
3259 3863
426 2277
2014 1622
3674 1109
1986 1560
4593 4533
3459 4338
2089 1917
855 2804
3962 2680
4470 4547
374 2881
4660 399
1344 4550
3921 1228
3556 83
4417 2563
2063 1204
4518 4372
2527 3819
340 3354
2769 1366
2831 29
2800 2665
2509 4179
2023 2973
2161 3846
1896 165
4145 1996
4909 2099
4570 1650
4695 598
4581 3731
646 3932
4672 4034
1124 3449
955 1425
411 4708
4974 4601
4153 665
1801 4105
4245 1193
4423 3680
4272 1821
4008 3172
2962 3615
2380 2442
3691 2189
1564 1775
2458 4203
4416 378
2272 815
3049 1675
743 1784
1726 4927
3806 2785
2589 872
873 4459
671 4244
1653 369
918 4875
1926 1201
496 2442
4646 2883
4113 848
3204 3511
3236 1743
3908 4243
2865 2217
404 466
3490 697
4677 260
1122 4129
2175 2184
3124 118
4125 2901
3261 4782
1290 2666
2315 622
1328 2140
3967 3897
4371 3721
3014 3225
2988 4744
32 82
71 2225
4343 3366
2626 4513
2340 1446
1804 914
4796 49
4001 1572
3601 1601
2279 4590
3693 4573
2115 3664
1938 3479
340 3180
1461 4079
895 1187
190 2832
3418 4755
2834 503
257 792
4329 1350
1945 3495
4634 2629
960 656
1428 4962
3343 2487
4177 663
4605 2867
3507 3349
3753 3001
3588 3422
3013 747
572 2358
2933 229
3478 4230
964 1421
4627 532
3321 2031
1524 1529
884 2889
247 1780
3289 3247
1594 541
3373 1440
4694 1461
4938 4036
1073 4747
73 1105
2619 2671
3532 4587
3294 3483
4699 1431
1467 2018
3509 3785
188 1213
4306 4331
3776 867
4796 1714
70 4311
2869 873
3383 3538
2972 2277
4835 1598
430 1621
321 1863
971 1679
1456 3185
1780 276
2459 3045
3462 2262
73 4622
4498 2070
4085 2389
2407 3528
1068 4887
2623 2106
2079 1484
1555 1447
3805 4183
3349 1459
3374 698
3699 2740
1094 981
490 3984
1150 1519
3822 1763
3985 4679
3239 136
4431 4473
3546 3262
4890 557
4501 516
4829 281
2009 620
4701 2203
608 835
3903 3162
2410 3300
4205 1928
3329 2257
779 2006
4383 4149
4428 4565
2387 2205
115 3130
3382 26
1823 3331
1976 1587
3891 2118
4584 2045
3371 1557
2364 3655
42 3002
3229 1100
1000 904
4319 2420
4953 3726
2658 1513
4020 3292
4112 1834
3897 1091
3852 1614
3784 3402
4125 3466
2562 3094
4552 12
1465 1246
2649 2753
45 1219
225 4533
4561 2949
478 283
421 3950
382 989
492 1386
1295 1481
4498 1065
3470 1791
2036 4044
4062 4820
3860 1158
3631 1106
4831 3052
596 2503
2182 1250
193 4742
2703 4628
1720 4868
2578 203
4532 4072
3773 1805
4982 2588
3948 2331
3294 1807
2060 213
3295 4432
2481 1704
4401 4528
619 541
1252 3194
3362 2392
1016 3331
2093 2726
4894 4582
1036 2263
1693 2792
434 3097
3297 4333
3114 950
385 4632
1909 323
1281 4137
2337 4412
704 4799
4121 3440
872 2397
3692 1048
970 717
4517 2851
589 4031
4159 699
1777 3671
3831 4280
3655 4283
1943 176
3326 3061
4304 3911
3520 3048
1140 2454
3884 2278
4209 3795
3809 1875
4679 940
1674 3263
2706 4413
4175 885
1043 4857
2369 4727
3446 1907
3210 3128
3280 154
1045 207
3419 269
4986 4897
793 3756
3534 3080
55 1346
4913 2288
4211 555
3625 3878
4476 1240
601 3707
1760 2417
3621 1894
1041 1912
3039 3380
3420 2254
3341 1732
1370 3292
1922 1553
746 166
1666 3290
2868 1633
342 3200
4933 674
2596 3160
4977 2178
2301 768
459 1277
1138 3026
3779 1446
413 3790
2775 4451
4748 2183
429 701
1125 2390
4091 2327
477 4798
2817 4044
766 2457
3155 3810
2175 3530
2310 722
842 3620
2015 3248
4068 3898
3481 2869
377 2473
3633 1691
2945 1088
93 3653
4745 4611
4201 2269
2759 4173
842 2586
2941 1440
2130 4645
397 4387
11 4351
649 4342
100 902
67 2940
2180 2961
2885 498
4744 868
4983 1113
3525 306
4122 67
4354 3571
3486 4286
638 2540
2638 2849
1559 4805
786 159
2372 3144
4939 1578
2954 1513
2384 1397
522 500
798 1832
1713 2360
761 3899
1464 380
1834 2771
3389 4716
4760 4329
3309 1983
4611 3977
4931 1178
3110 2039
3106 4778
4147 2301
4569 4919
3569 1506
4606 1768
1044 2480
48 3976
4922 3465
4409 1897
81 3335
1391 494
3963 1029
2051 4741
4279 2433
4380 270
3991 983
859 4662
255 1286
1469 4591
3200 4510
3335 3688
623 2584
2345 4935
4592 3953
1297 2794
3100 4279
2169 4709
4822 4415
2048 218
2996 960
29 3050
3649 2508
4597 3250
4435 2434
3377 4035
2188 4170
1398 3785
4703 1690
2020 3539
3025 3997
3584 1480
1610 113
4732 2549
187 1249
3150 1669
3107 4682
2496 4299
3709 4521
627 2689
353 3352
1229 4743
4551 1575
4029 3156
1131 421
542 780
59 3292
1232 4381
3603 2940
180 320
2990 1141
3334 3654
449 1612
4650 3745
3760 1732
4506 4676
4883 2936
4547 772
2711 3503
2666 2040
1753 2524
1128 4687
4125 4920
3832 911
1631 4978
3108 4263
2097 2684
1331 1195
3383 3421
551 4238
1565 315
4674 4236
476 3017
1699 1483
3361 1568
3094 1453
3855 2305
2963 3858
737 4899
4579 40
871 1452
2174 1833
2525 2585
4657 633
1934 1363
3682 1451
3608 519
2728 4341
2512 781
4308 1095
1221 2100
3077 1004
1053 4475
3488 309
1471 4197
3697 2109
4931 2656
2895 3821
4358 1747
925 2344
2960 3694
3548 4093
664 3737
4974 3413
201 2515
2193 31
2444 3777
3574 2281
2707 2201
3412 1990
4729 54
4400 3033
1635 2103
2610 3702
793 4497
3811 4624
2178 1564
938 2111
673 379
1135 181
2723 2532
3600 590
754 4690
1244 2339
2670 1393
3437 1242
2475 336
3113 2084
4501 3327
1811 2278
258 4580
493 2942
586 3133
4316 2234
4366 1826
4378 3112
4406 178
2375 4198
3622 1264
4480 1295
1920 2571
3400 1336
1011 4157
4364 4503
4812 199
4954 2992
91 2386
3526 1798
2182 73
1598 4748
1195 2557
4360 425
4805 546
4775 1835
4114 2126
43 2695
4716 208
2177 1018
34 4309
4468 1311
1586 4522
2155 2464
3492 2227
2368 3740
4493 846
640 820
1503 3706
3443 995
610 1853
3406 3328
1723 4123
2463 486
1629 2246
963 4600
3246 4278
3865 580
348 2755
439 2156
4948 2944
2876 4452
972 3558
1646 1782
357 2467
3695 1458
765 720
4554 1569
2141 569
3961 3684
4806 1561
91 2065
1870 4132
3343 1312
2417 329
3002 1019
2291 3896
817 2586
937 1419
4567 2568
3923 22
2159 1912
226 4747
2927 3706
3259 2193
1278 4085
4470 541
387 3244
2448 1577
2847 3309
321 4876
582 3190
2794 1204
2257 3214
4020 3351
3219 3073
936 3809
3216 789
2553 179
1467 735
2810 286
2067 4608
2365 1067
88 157
1864 4693
821 681
2466 597
3300 5
2435 4896
3715 1910
4006 167
2212 2114
2778 4740
3590 2440
3199 2784
214 3571
4393 4750
3506 4661
3964 2092
4332 273
4321 1612
4054 36
2088 250
1721 3166
4028 1969
447 2439
2849 2526
607 3623
2859 2756
4345 2319
548 3164
2329 4109
1921 379
2314 2525
1512 854
2806 772
550 2163
3373 3448
1655 3498
4903 381
4949 4927
3914 2230
1835 3550
2693 3581
2593 4168
1478 51
2334 1433
3232 1351
312 1301
620 370
4882 1732
4842 2333
4751 4137
3880 2632
2320 4894
3263 4060
1112 4750
1961 1285
3630 97
3330 973
2247 4015
3616 2764
3120 382
1477 1064
341 4472
1375 2248
215 3838
3554 2300
4280 2929
352 1857
4104 4689
1662 1231
1894 2520
4631 4849
3599 1669
4884 3982
2086 1414
2218 3031
4567 784
4620 4811
2650 2166
2727 1861
517 1678
890 2714
4902 2696
4673 658
1013 2784
868 2551
2468 1758
4266 684
4532 3018
3148 2914
1348 2895
1551 1268
447 3662
523 2223
1130 2672
2989 3042
4924 4683
350 238
2261 3242
2957 4901
2798 1875
4312 4196
4460 2081
1209 2160
2807 503
4436 2626
3439 2931
3570 4848
3781 2587
1917 1321
1583 1970
3632 2464
4360 1742
2842 847
4036 3042
174 3004
3093 1368
3580 732
2981 2884
2303 3198
3175 3127
4842 1341
4725 527
2529 4709
1362 2388
2039 1812
2943 2484
78 2599
2432 1514
3304 1443
898 1880
531 2581
462 4696
2284 4245
2464 914
3866 1826
3464 1028
2942 4366
3425 1302
2460 916
1221 668
2119 4787
1217 3932
1972 3047
1646 3557
989 1072
906 4750
364 2969
1613 670
1511 888
3918 1090
1927 308
1665 537
4792 18
3305 4660
2971 1108
2835 281
302 4841
2831 576
2738 348
1692 2252
1710 3060
1799 2351
2111 4572
311 581
2709 1754
1296 4359
107 2508
2483 1182
4759 2887
2733 1293
2664 3674
3705 177
1602 615
1552 794
4203 1622
3129 4676
861 4552
1850 1885
3587 572
2160 1781
632 2221
724 763
4310 4057
910 2616
3205 2348
1006 863
1405 2558
202 4973
3485 4846
1103 1964
259 296
763 58
2836 3390
2700 4512
1143 50
1884 728
4509 860
715 17
3447 16
2988 1424
1888 554
2964 3696
4985 910
103 25
1888 4876
1343 2861
1965 2844
1998 2792
2973 375
1182 3788
1545 3611
1049 4161
3223 3640
3708 2406
3096 2781
2530 1323
2749 3841
2926 276
2061 4672
588 1076
4344 3347
130 4399
3959 4216
4061 551
3201 4537
2879 2271
4252 2482
557 1618
1701 20
3380 3721
3247 2145
1027 3755
182 1448
439 4228
3970 1722
442 1789
4227 560
1069 3348
568 1605
1079 94
1493 377
2038 4378
3665 3193
2540 603
4918 1767
4407 3766
4193 4746
594 466
4653 3189
4462 440
4623 3283
387 3556
4543 4980
1220 3759
4265 2262
2014 1553
846 3962
687 936
1520 3354
2843 1004
2800 2354
771 755
1855 863
2734 2000
787 2456
4296 4069
2806 829
2045 3360
146 3564
1754 380
2382 1669
1561 1971
1700 3298
2653 2132
42 3857
1731 1564
1860 1449
3436 4500
4098 3801
416 4219
720 658
2564 4167
2116 1038
2310 86
4101 56
3350 1319
719 4341
1901 3035
1652 2974
3276 2538
3539 3406
1575 512
3480 4933
1057 3969
3951 2569
3340 4630
4993 694
2627 2250
515 3541
1033 1023
509 1777
3780 98
4633 14
4340 4636
1250 2125
952 4454
4212 4572
1691 592
4097 2757
2180 3385
3394 3014
928 690
4938 4275
3561 4359
3051 2796
2295 4210
3153 2026
1632 3637
3959 1372
4719 3046
4160 49
2171 2346
1552 3240
3543 2332
3971 3533
4702 3752
2018 2252
4394 1155
428 4258
4208 2722
766 1284
2226 4618
994 1673
4349 2846
3416 4893
128 2690
3540 987
4264 264
3939 467
2618 1880
1725 845
3522 4730
4767 1494
259 1345
2007 908
346 1987
2261 2481
1417 813
173 3227
2435 3048
4467 2141
2469 3598
3163 488
4165 3681
1911 2260
3044 4445
3620 1114
4815 4702
1856 1277
3508 2751
4671 119
997 4791
4154 4030
1478 2620
2233 1735
2795 4885
741 4986
3787 2637
3154 4710
3971 4969
4070 4157
3129 2142
2335 857
3274 2947
547 259
4826 2342
1005 2534
4864 4260
4002 4524
3444 3708
2699 4557
4794 1986
4178 3703
4726 4740
4234 602
494 2439
4436 965
3246 3090
3991 3998
2821 4375
2894 2904
2985 4483
4759 837
4641 3999
4971 4399
1620 1130
2705 4550
4071 3590
2605 936
1152 207
2783 713
3696 2895
3820 975
4807 3106
969 4179
3966 3429
3565 3085
511 1988
4344 3725
3165 4548
1933 3818
2318 2168
2281 4235
4227 1864
1193 746
2712 4687
1708 1606
2348 2195
4287 3083
4643 1146
88 1639
2452 1205
4613 974
3388 2647
3306 4271
4279 2791
3964 3682
1358 301
525 71
650 4910
1641 2841
703 2292
1429 2167
3054 2599
4755 4827
2465 514
1589 1109
4592 2096
2535 206
107 3062
2792 3245
4044 2412
3307 4334
2104 4305
2302 4549
950 196
2970 2204
2173 3092
2238 4241
1844 3856
4928 338
1454 1126
2618 4647
1532 3971
4580 4206
3999 1191
4664 3796
142 2480
4459 654
1351 2997
1514 251
397 491
1153 2231
4157 2423
483 679
1647 4163
737 1498
3434 2967
4188 137
2429 1876
1377 259
3300 4549
4335 3984
4237 3183
4509 838
3542 820
2881 1340
3958 2721
1757 372
2379 2755
4168 4638
2755 1056
3686 168
461 4437
4074 1970
2037 3930
4268 4172
550 4142
2418 4561
2657 4806
1127 4648
1453 4589
1160 3778
1222 455
4255 3600
2560 1648
659 234
4796 3136
3237 291
2768 715
1309 989
2745 731
4813 3719
3993 3162
2327 1157
4409 3491
1868 579
2956 1301
2223 4190
1694 4075
3361 74
4685 3547
4282 2110
1248 3207
3681 2644
1457 2563
3496 4584
2124 3780
350 1010
661 148
1999 3785
4531 986
1423 1639
3297 4990
2688 1499
1525 3757
2631 1904
2118 4271
761 4004
2827 2718
2803 294
1562 239
4905 2866
3461 3943
3638 3310
819 2117
2538 4951
1297 200
1878 3858
507 2030
314 2618
4847 4214
3021 2974
4948 590
2435 2621
201 4067
3519 4126
570 2557
4881 2872
1144 4815
4298 4537
538 804
1468 2660
499 812
3520 2671
1352 4700
3702 4368
2148 1372
955 45
4292 4355
4808 3417
1986 1724
4577 4753
4833 4413
3744 56
1262 3615
2781 2574
1081 3954
2780 2874
3831 4495
4194 1810
1022 2448
1672 2035
2838 4397
92 299
4929 1626
4200 928
513 1002
1952 4425
534 4737
4445 2452
236 3582
4492 3436
3941 1872
4001 1923
4784 3086
4448 922
101 95
3817 3270
2104 1153
2936 4918
441 3583
4536 3105
1199 1168
1042 3170
1009 2993
3634 4586
651 2238
1712 4843
4871 708
2608 3143
564 1946
4350 4096
4590 816
600 4528
1279 2830
2196 4259
3431 2779
881 1774
4248 4004
1024 4940
2320 1935
2962 1927
2067 294
2795 767
92 2903
2143 23
580 1903
3169 4068
1066 3782
683 2674
4656 1304
3355 4379
2021 4096
37 2270
4068 3763
231 4499
97 69
816 3203
3523 3145
1093 4945
4795 1732
1431 2954
3267 2172
3227 3268
726 4599
3814 1752
118 4450
4674 4596
1944 442
605 1047
818 2094
738 4316
3200 4454
2328 1492
4933 218
3470 1282
707 950
3808 1277
4457 1457
3860 420
4641 231
3254 610
2426 2185
4966 287
512 832
2418 1772
2242 3761
3816 764
1269 1979
3263 4981
4813 3842
3253 2758
3996 2802
4923 4653
4830 4317
3577 4925
1226 1356
676 135
4699 2521
3260 4171
1 2440
168 1385
1780 3339
54 4289
882 3128
486 913
327 2088
2105 1567
2370 818
3789 3589
828 1552
4078 1248
991 4468
1142 3590
371 266
1405 257
3972 2700
2867 3435
565 1034
384 4177
4310 2924
5000 3105
4484 3225
187 1798
4136 2663
3326 2565
1541 4332
2391 1533
3610 3492
540 2680
1295 2061
2317 2752
2016 3578
2783 4208
4006 2674
2655 761
845 283
831 156
259 3606
1496 4710
1646 2705
3596 682
4088 3359
2451 2809
4488 4232
2633 76
3187 1416
4546 975
223 542
2659 250
3409 711
2619 299
2340 618
355 819
2323 4357
3441 3790
1947 808
3674 3732
2727 1414
1545 276
115 4220
3024 3623
578 4624
2573 4101
589 4261
4056 3689
272 4554
582 3053
2393 1955
3996 4843
4240 3217
3333 298
2142 2723
1837 626
502 2656
4734 2678
1150 662
2678 2144
3228 2059
833 662
3813 534
4021 1466
4789 2735
4267 1118
2961 2654
4659 410
176 25
4367 4210
1681 126
2413 3953
4907 404
1030 4222
2175 4202
525 1727
3487 4403
2069 4678
4309 310
1155 1076
905 4577
4370 3932
4697 4098
192 2197
2087 9
991 4536
127 2970
383 4653
718 4643
3870 1781
4665 66
237 3781
424 3607
4741 4225
3493 4719
3739 3957
4913 3699
754 4421
3235 1391
4744 2466
3164 2679
505 4885
3762 1093
1680 156
344 2981
1899 725
4331 957
1626 41
748 563
3989 3327
688 1865
580 4254
827 1916
4634 2432
1505 4194
3017 1302
4691 4888
2564 3986
878 3803
1160 4132
2724 4059
2703 4939
832 21
4596 2153
4384 4485
1218 3211
2004 3891
4440 1347
3910 1303
4775 4491
124 4522
3572 490
2882 2295
1008 75
3882 4853
1783 2323
2130 3599
4803 4711
2222 4356
651 188
3387 4803
61 93
2298 3267
553 3184
4192 477
2896 4421
1514 2404
4100 888
3717 2584
2567 4367
844 1828
827 3810
927 2765
2296 1285
3263 1037
2757 2397
573 1449
4432 435
4083 1486
1192 4581
145 635
4368 2234
4602 2172
4411 389
746 451
1466 2992
1000 1270
980 1557
1589 2833
2640 778
1433 3983
3694 4656
2611 2935
1590 4869
2865 2559
2700 11
366 1748
4275 3066
2661 1251
675 1042
4250 2255
3488 471
233 1111
496 1979
3872 2568
404 2915
646 2677
2456 711
4525 4530
683 2744
514 3955
2491 2065
2035 1031
3547 4326
3113 836
1339 2267
3643 1819
4828 3642
2576 604
2087 3594
2546 4108
2283 1025
756 347
1585 3612
2308 1203
3089 3754
4787 1510
227 3874
1799 3019
923 1399
862 1123
3122 4052
2167 153
1831 2153
93 3012
3266 246
4427 4479
3446 850
1415 2625
2411 4835
139 4003
4796 2511
269 851
1394 1226
1434 4974
3047 1905
4469 288
3125 4713
2572 2551
3728 2239
574 2251
2389 1383
973 307
4471 68
3316 1248
4178 4690
1225 4692
2606 4764
1712 2043
4313 3279
335 1861
4228 3585
1062 2311
4486 1894
855 4758
2248 3635
2230 4490
4140 4411
4169 3126
3584 2207
2150 4497
2927 1156
2724 1470
4685 2117
1404 2842
2541 2288
2544 1768
1554 3052
186 2919
2483 3515
3553 4183
3544 1919
947 4939
3468 2045
3459 239
2058 2935
4288 1555
1602 3887
866 2506
4768 2128
839 3312
1320 3356
4813 558
699 2514
448 4100
3720 4309
2300 3757
800 3441
218 1773
2874 2716
1127 574
151 3705
1635 2441
1551 4958
3502 945
3646 3848
3160 2413
80 3128
4668 2260
1280 4320
3035 432
4857 1903
4189 986
284 2756
2102 4549
3064 1779
1107 1517
4118 1456
2353 869
4340 4915
4906 1162
2159 3484
777 3978
3022 4118
311 1438
2515 1577
3929 4041
3550 3456
3266 3697
2399 1631
1597 4390
4434 4442
3873 1894
3535 852
3545 2065
3202 679
836 212
4240 3529
479 2311
3576 3485
1229 1082
788 1376
2071 122
493 3414
1706 1421
3029 4255
2736 2461
1003 1678
302 813
4063 3465
1758 2227
1863 2280
4191 1435
4600 142
969 2188
4721 2539
3735 1276
3714 4600
1546 4414
1649 3115
288 2729
4711 3514
3685 866
4866 1321
3192 1872
1592 4422
1820 2071
963 1447
3979 976
3925 4123
1353 1144
3271 1118
938 636
4425 1965
3423 1926
522 169
2819 765
1858 727
2769 355
2965 4202
3872 2691
4917 4763
2133 3298
3915 3677
2191 270
1848 3314
2081 1795
1330 584
221 4391
2882 2231
4057 1932
1842 1671
1919 3086
1874 3838
4339 4247
2637 333
3644 4099
485 2343
1728 2673
3557 949
1172 240
1325 2697
337 2593
172 799
1831 2276
4252 427
3066 2967
4349 252
666 674
1166 2946
3140 4286
623 1206
1908 1570
1904 1865
1623 1357
4222 534
3273 3768
204 2548
197 3326
4539 2991
3231 1677
1617 2831
3805 4164
1467 3301
3091 879
1667 1605
2830 4258
4662 4229
3276 3261
1830 2013
2753 4388
4556 2234
1688 388
2729 2984
2490 487
1316 1950
3741 2435
3040 3556
140 3155
3252 702
1384 1680
1298 216
950 3145
4055 2194
4555 4237
3381 708
4869 1660
2928 4146
4302 758
2498 2017
2890 2807
2026 4459
160 4574
210 3348
72 2889
810 2855
4836 4987
2859 1363
4376 3016
3173 2987
1473 166
3343 4859
4904 1334
3338 1482
4902 3247
3589 835
4893 1441
3367 4923
4967 3376
3446 4987
419 610
1317 3975
1511 808
411 3644
450 3343
4428 4680
251 366
1390 410
2098 1399
415 4409
1172 4388
3579 655
160 4119
2923 4636
1359 3167
765 2657
3743 3880
3927 4226
1148 2166
3839 2127
3937 484
3677 1311
1518 716
4064 4460
2333 2326
120 3831
4887 4389
3612 1074
3851 1319
1025 2890
3617 371
3414 3718
1836 2580
2714 2031
2542 2742
162 4363
4520 2767
2899 2979
211 283
3991 962
4830 714
2307 2286
3433 3071
1497 202
4291 1604
4018 957
4200 4869
346 4012
1719 4223
4505 2243
2328 2237
3383 2782
1085 4701
1314 4295
1403 846
4560 85
1256 3307
2875 770
294 2401
4616 3363
753 4901
3834 3593
721 3148
4763 4995
3157 4253
4700 1906
1587 4696
1969 331
1941 498
3897 2979
1071 2564
904 4373
2308 1194
1661 1383
1257 2956
4194 4141
367 1172
669 2934
3628 2683
4106 995
4887 577
3087 3002
3123 2696
1208 2690
41 4799
4703 1924
1000 2926
4628 3965
4471 1803
1469 637
4903 2894
4860 43
1763 589
4834 808
1176 1058
1317 768
3914 4514
2401 324
4852 4016
3782 1298
3317 2430
18 4764
2953 1187
4040 4976
595 207
2054 1690
3285 734
2927 1026
575 2480
1968 3572
4077 4117
3404 3351
2824 295
1684 780
3850 139
3731 2662
2316 764
465 3143
2531 4072
1455 3293
1475 2484
1041 3424
2273 4450
4321 784
4166 3650
3883 558
2310 1750
3691 1785
1267 1673
2755 1871
974 2094
44 4375
121 3841
2082 2236
2120 1710
4188 2483
2001 4233
1094 1314
1101 2256
4043 4051
2126 3218
4870 2022
872 3372
4882 2527
3516 3379
3275 2758
4502 4578
1202 2321
1666 2721
2794 1115
4652 2307
2472 835
1661 3774
2974 3934
4617 3252
2213 2301
1984 1017
4651 2607
143 206
33 1997
4362 1686
308 1936
1261 3022
2028 3423
3088 1080
3939 4104
468 999
788 4387
3873 1764
1383 3513
400 1767
3194 4630
300 368
4790 2146
700 2702
3558 1645
2921 2256
2762 3660
1621 2523
3560 3411
4423 1571
3953 3342
2311 4892
3438 2896
1356 10
1213 2176
2097 1442
4807 2850
3467 1089
1722 3221
1516 349
3265 322
1670 1755
4539 3974
315 221
4609 1121
1959 932
4304 4686
968 2479
1102 2708
700 1910
3873 3308
349 111
3131 456
1981 3700
1702 609
3147 1339
4800 1604
3918 1630
442 4597
4936 1650
2007 4224
3595 4360
2327 3182
4093 1604
844 4762
907 4552
4786 780
1594 2486
1916 322
4523 1080
3868 2051
3353 639
4176 3601
1762 2191
2895 3881
3619 3683
1308 3152
2376 4750
4005 2672
154 3281
4154 1977
740 2587
3097 4217
104 2871
3970 2570
3328 3103
2177 1507
4778 794
511 256
2862 792
501 2692
1388 3912
2940 1422
2131 1512
2141 2200
2867 2075
4363 4837
3793 2240
578 552
1933 4772
1145 2770
2381 1929
1455 717
4288 1293
3037 513
3132 4988
613 2064
1074 2422
4304 2405
4705 534
3693 36
2755 1739
635 2762
726 2126
3661 3238
2533 3208
4960 3096
4091 4633
3432 3536
283 3892
864 612
1191 4942
2501 4545
1190 782
3158 2105
303 3433
2968 1981
3151 116
3837 3827
863 279
2463 3916
1036 207
1065 3648
1254 3547
1897 4178
2810 4145
644 356
4954 1200
1920 82
3987 4831
2569 1659
3785 3384
13 4552
8 7
3201 3333
4316 805
1265 4473
2 4622
861 825
3872 764
1968 4300
901 3378
759 1753
1364 2092
1098 926
1366 4124
2253 1328
4997 1381
1733 1787
3558 4788
1128 401
249 432
847 3801
1222 709
1648 1046
1802 4667
4840 4184
4553 2693
640 209
467 1944
3875 536
2202 2507
126 338
4978 105
845 2011
2595 3377
4391 3691
4146 891
3221 3021
1909 4483
4029 3460
3115 1548
2195 1807
4094 2542
2447 4014
4943 1292
3241 2074
30 4026
3356 1502
2893 3727
4820 1306
2074 2577
501 3015
3753 1323
825 3075
1988 1756
744 1918
577 3727
9 4475
3531 2378
3481 2786
2390 3227
1691 3455
4640 3977
3760 400
3488 2681
475 2669
710 1260
1655 270
4212 682
4081 4134
1419 4874
2176 1820
2465 1657
1721 2179
3586 112
3772 1285
2744 3738
595 3794
1847 1729
840 1612
2264 4269
158 4961
1001 4189
4392 855
2380 3397
1246 987
4356 4352
1040 4531
4390 930
3890 4027
2811 587
1713 4021
3796 2379
3229 1248
3625 696
2574 3010
3042 2361
1519 1159
115 137
4851 3368
3724 4381
258 1125
1692 4204
3836 357
532 3579
1638 3675
2641 152
2546 1083
562 2704
4679 4429
1382 228
1255 2109
3954 4146
759 4157
469 2597
4206 2640
2488 216
1099 1946
4650 2573
3836 2585
3904 4446
3198 3237
841 146
4816 475
1322 3573
892 313
1623 303
4377 815
3654 191
1616 4959
4042 3979
4541 2643
4928 1857
537 2192
2360 4595
3704 4105
4165 4463
2656 163
4018 4157
1261 3576
1796 473
2689 3494
371 4761
3905 1772
2874 4442
4499 2888
2867 2453
3543 2443
2932 340
3549 1440
1269 2770
4465 917
4752 193
2725 3393
853 2037
3189 4022
357 409
1296 3775
4555 29
4878 719
1726 97
4064 2909
808 695
2401 946
3003 1280
185 1591
492 4259
3766 4312
1730 1276
3402 2049
3083 3989
1464 110
858 4730
195 4157
647 3500
3271 24
967 472
1137 3098
1448 4717
121 1175
703 133
3422 1590
4056 1647
600 3280
1305 2803
3596 3325
3553 2460
4130 3905
647 4910
1636 4192
977 2341
1894 2272
3194 2648
3543 1075
2870 2258
3164 2476
1511 935
2455 4416
499 437
1978 3030
1829 463
2 1967
2462 3264
3517 685
1100 438
3609 2610
1892 990
2642 1222
4937 954
2528 4089
2731 4714
114 235
2407 3799
1120 3133
80 587
1521 444
1414 318
57 2037
2269 1771
2716 770
3715 4416
2870 2634
3468 2445
3794 1154
3522 2681
1054 1974
2248 1954
4677 4921
250 230
1922 2198
4781 2763
1565 3883
823 506
1956 4936
2866 1185
452 1761
4825 739
3746 1500
2999 1751
676 4135
2346 1600
536 3337
2311 3299
4122 2201
4571 4242
2518 2057
3956 411
4613 3421
800 2336
1591 1374
3919 3498
4959 796
2047 4542
2645 1724
1387 39
518 1576
2689 3228
1774 3602
76 2547
728 2473
3535 3814
2593 379
1698 2681
657 2943
3477 3580
732 4285
3520 3398
2544 342
4557 3394
1198 4960
3119 3993
21 1133
2501 4065
2843 4179
3581 3879
2710 388
3997 3565
4027 4639
577 2374
2054 4140
2425 2326
4364 474
3476 271
592 4116
1703 126
2246 2216
3665 4529
2350 4259
719 1797
3146 931
1702 776
4456 305
4895 3644
1651 730
3189 520
2722 1808
4272 3867
3575 3710
1161 85
1147 4351
2470 4970
4006 3896
3541 1847
4133 1493
375 2559
1857 956
138 108
4111 2902
306 1641
4437 1086
1384 3890
3099 51
1640 4526
3187 2638
4778 3981
862 1980
3269 233
4337 4238
505 925
565 417
2818 418
4328 109
1452 2317
1531 2381
2768 1765
1338 2969
3455 1648
3410 2400
2635 832
1505 2099
4963 1909
715 1650
2764 4396
3104 2478
4983 3315
1552 2561
3847 307
2424 275
1479 3214
2000 4643
1083 770
2249 3132
2591 388
4541 351
3095 1584
4961 3125
1556 3555
3945 4908
2489 2713
1589 470
2871 1731
4214 3497
631 888
270 616
1572 4559
2673 2133
1255 422
4417 5
3006 1259
3974 1421
3674 900
1829 1633
3460 2368
787 209
678 3420
3756 2366
1123 4746
1715 191
1032 2349
2310 2737
4405 2115
3312 3944
1450 3010
2857 2317
129 222
2880 3203
3692 3118
2243 4080
283 4072
1596 2017
1468 556
4107 3481
4385 2937
1254 223
1171 3837
4793 1715
3395 922
2273 2767
4000 3476
4418 3235
1335 2255
4666 856
1971 372
4276 2778
1483 4984
1846 606
2395 3817
3094 822
4780 3708
2311 4348
1485 334
2019 1436
1236 798
849 1584
4854 2610
2701 3227
4209 859
3521 2444
1145 535
642 4381
2321 4110
2505 2241
2296 1313
2217 4174
4849 2774
4861 4060
456 1077
812 2698
4171 2566
2662 1262
3307 2232
234 1940
1716 751
4448 2672
1867 2088
1351 2989
1839 3975
1010 3864
1192 3346
3666 3575
555 2237
1928 2219
1317 79
2184 3313
3008 2033
2130 4016
2207 1984
592 3179
2013 4370
3204 1800
2416 2279
3546 2998
3807 4759
264 1512
3567 2791
2612 3093
534 326
1884 2805
2908 876
1760 1012
2047 4223
3411 4651
3628 155
565 2271
391 1337
497 43
1517 2085
3812 2083
2920 189
4149 392
4257 3601
2349 373
4086 3719
1696 717
1251 3484
1027 2315
1733 1430
2363 779
4583 2323
892 1164
1716 1611
3347 4332
220 771
3458 1167
2220 2312
1948 3839
3912 290
2215 1150
3324 534
4858 1336
4897 4482
1959 3826
4015 1061
1549 3662
2710 3236
3145 3393
184 3571
1868 116
4855 930
4395 127
3209 1957
1305 4217
4004 4039
599 1961
2420 1810
2600 4895
3534 4884
6 1982
1241 273
319 4364
2920 3385
1882 1474
3975 3701
4991 2628
4014 2905
2083 1878
4562 1956
4325 3706
4864 1476
4962 3997
4180 4227
54 2911
1656 2191
565 1400
3916 919
3948 1625
2779 2870
164 3456
2039 4817
903 4024
2310 3331
3499 752
4287 2259
529 3325
4485 1951
2490 4874
3856 4143
2801 1060
3687 3139
1913 140
3332 2682
3287 1219
465 3919
2356 1841
4844 3237
630 4252
351 4608
650 4904
1642 1451
2836 2636
1686 4648
3990 1985
1883 732
460 2915
4588 3782
1879 2195
1585 2916
1201 3973
3056 666
3556 2938
2676 4811
2391 4827
3580 33
3755 4989
3736 546
2793 2134
3175 2199
1767 1738
3943 3993
804 607
766 4287
3195 3053
4213 2807
4017 4558
1801 423
4135 2069
3369 2307
4112 4566
2122 4652
4025 3106
1542 3811
2230 1216
3456 1902
245 1151
1977 248
1035 4919
3994 3648
4656 586
3573 2837
305 4292
1480 1778
1058 2314
3082 277
1349 248
2001 2123
3614 1040
730 913
1279 2138
4420 2830
194 4316
4853 4146
179 2732
4068 2829
1554 2235
539 1439
2514 3445
2125 2172
432 4494
3186 4777
4865 76
2678 3812
4517 561
1925 2528
4114 3941
406 132
4903 1886
3277 1983
1806 217
3779 4365
2912 313
3263 3805
921 1746
1747 1559
4963 624
2377 4880
1188 814
2189 4011
2746 438
4786 4576
2656 1942
1802 569
3056 2815
1547 1282
2640 4822
2785 4688
1933 1210
1289 3323
4120 591
4751 2151
2880 3649
4628 2983
3905 3793
2181 4550
3118 4874
3125 1615
843 2576
1371 480
4308 3917
1967 4712
255 1359
4023 4162
336 35
895 1719
2763 4124
224 2948
2023 2513
3332 3234
3144 1197
811 2664
165 4704
3191 4692
724 3944
4297 4788
2354 519
2245 4669
1885 4097
433 4761
4148 3015
405 4591
3427 1390
209 4127
1838 4264
667 4941
3712 2956
2709 4264
3378 1619
964 4410
4873 4974
3395 3020
3713 148
583 2732
4429 2718
449 3442
3931 226
3815 2266
2470 1070
4027 1102
486 705
4163 734
1740 1490
1488 1683
27 1359
3178 1278
938 987
224 183
1899 4637
4743 2891
4681 2013
1851 2674
3365 2861
1260 2435
4992 1905
741 3038
3521 4542
319 1359
328 1593
787 2107
1987 3824
2073 2844
147 4406
2750 4520
2080 1019
2887 4525
4095 1636
4886 2660
506 3642
3942 761
2010 1340
4289 576
30 1848
4825 4491
711 2475
1758 2967
992 3693
2924 2848
927 1992
3945 3102
2155 3771
4906 3783
280 3578
4654 300
1882 1168
1685 3512
771 3815
2349 3263
2913 861
760 1707
1212 784
2538 2906
691 2775
2883 1103
4376 4614
4739 2451
1697 2704
4403 4222
3773 4055
424 1384
617 4408
2771 4955
4469 2748
1029 4352
325 4236
3990 2713
4554 2297
652 3355
1624 3222
3759 3231
2948 2494
3843 2555
1457 4398
870 4830
2797 231
4299 2313
2609 2395
615 110
3657 860
4396 1199
4203 1033
4115 3135
4774 4757
4438 4579
4109 3586
403 2627
4059 3765
3229 3163
1434 1273
2192 134
4644 2590
4575 4934
2537 3057
3747 766
3600 3722
205 1164
3591 1687
3251 4965
3157 2105
1930 3897
3350 2648
3676 1586
830 3737
3941 874
4021 2789
4205 395
3251 1595
2932 1061
821 1409
1180 3971
2341 1788
171 775
3410 1480
737 1536
286 1371
1796 3543
4325 3442
1007 350
1948 2099
112 2652
4544 1271
4525 2978
1901 3680
1274 815
3060 670
2748 3064
1408 549
1793 3100
4359 3332
2123 3914
4575 183
1052 4041
4076 1933
3370 2939
4979 3161
2697 3893
1005 667
3852 1141
4433 3109
4023 1962
4083 781
75 3887
1841 1060
2627 1740
1408 3127
3347 2029
3861 2021
2419 3925
185 1399
4584 1827
2510 3262
2362 2344
4361 1031
564 4586
3914 1214
3802 744
3784 3881
670 2208
4433 3243
332 1166
4282 2027
2191 3751
3206 53
3927 3785
2907 4372
2050 4980
983 2331
1770 1893
4824 2202
2607 1077
292 3093
1019 2375
2275 1247
1177 1271
3410 354
1081 2206
1668 2905
4419 3671
1074 4152
3482 1812
1383 1460
254 1875
2164 2025
4920 2418
3719 1230
4642 50
3336 832
28 1131
1320 3669
3396 553
4756 1505
2447 1609
2856 4517
4592 579
4182 2172
3041 1264
3978 3574
1380 357
214 2839
4422 289
3036 3293
943 3924
2416 1104
4745 1881
653 4579
4526 1056
2391 3905
1623 1818
389 4691
1020 1784
4513 4096
2649 120
3249 381
862 3009
4440 26
4030 1360
4589 829
1717 2513
463 681
3889 862
3904 1665
4461 4700
3090 2845
3833 149
228 4197
1776 962
1337 1329
4225 2366
4715 244
2858 3626
2759 3095
1933 3282
3120 105
4369 2724
3995 2254
767 3256
4733 2139
4944 2588
4199 2434
4436 1852
2475 4625
561 3043
1813 490
3555 1995
2612 3583
1228 739
2284 1014
3693 2868
797 1455
4023 2514
4305 4415
2532 32
1833 4232
4437 518
3251 2644
2896 4402
4107 1811
3602 4793
1146 1063
158 3403
896 363
502 2947
4655 4137
261 791
2597 2776
4998 3429
4509 2743
3269 3290
1846 3258
2918 94
3638 4584
489 2762
4785 2274
283 3825
3475 1301
360 746
62 1089
4009 4096
4993 2280
1443 4049
3122 1792
408 3833
1097 608
2652 2553
1234 2599
3071 3439
4242 3930
4235 4974
1524 2294
2365 2873
1276 4932
2415 1004
897 4347
3407 3250
3469 452
4279 3933
2613 4143
3618 1218
1137 2787
1377 3937
2745 3804
3137 4557
4720 4578
3894 4765
1425 3190
377 295
3616 2313
358 1450
3746 1376
2152 3411
4266 99
4047 3704
3806 2558
3907 3135
3800 2255
871 924
2541 833
775 3845
422 4481
3676 1172
2254 2991
912 3850
99 4501
3378 4080
602 1042
2326 19
287 4148
3765 1752
3407 2687
3531 2982
919 3085
2643 2062
664 55
1996 265
143 4116
2250 387
1322 4727
4202 948
4673 4771
545 605
4774 1110
2065 1509
1192 1355
3405 1314
4604 3853
4051 3152
1928 1396
980 3808
1952 2921
1563 1648
1131 3223
585 2003
244 3659
2556 857
3965 4926
2512 750
4912 4211
4177 2301
102 1216
2827 3013
4131 613
3570 88
3970 1190
2772 1505
4249 1544
1444 4679
2369 3451
1935 4916
1346 2306
1917 3098
1566 131
2741 4262
1571 2424
1225 4002
602 613
72 1579
2814 4777
150 2667
4436 1491
4382 4409
3537 4354
2124 3512
1141 1500
2304 181
1743 3820
2624 3569
1120 394
550 2493
1364 791
2730 2275
3160 3320
1312 2550
4629 1024
504 1330
1402 4695
73 2046
3330 2684
3639 1453
881 1438
4290 632
3627 4489
3583 2204
4887 1790
3613 3507
4661 23
460 748
4577 4230
4722 4813
2721 4804
2502 3454
4773 614
3532 293
3798 412
3853 3088
2256 3132
1606 4191
4930 1850
252 731
2394 221
2371 2947
3909 522
1496 2454
685 3215
2438 678
3074 4797
2793 4518
4823 4999
4933 929
2032 1158
4929 3210
4849 2958
1280 4677
226 2233
601 1881
4558 1173
1207 2859
4500 2925
1059 3109
2475 1970
1589 1877
3285 3007
2581 2891
933 4461
1342 3168
706 483
4574 1009
4684 1406
2569 63
4917 3563
139 4307
736 4297
2931 4586
4613 3862
192 2598
3980 657
2259 3900
4707 1925
875 2776
3000 2851
4144 1253
3454 89
420 3135
3505 3252
2758 3503
2346 297
4870 4282
1330 4524
84 2139
1705 200
2517 4316
1120 1267
151 1634
3896 3524
4231 1033
84 3078
3013 1635
4924 704
944 3643
1885 3177
4035 4477
2746 244
1008 2086
4977 2930
4252 3428
2380 3277
2011 2885
841 1047
831 2022
4957 3109
3826 4609
4734 4757
152 2407
733 1635
3711 1397
1374 1668
1050 4954
3844 2155
106 426
4839 4406
1107 277
3968 649
915 3719
96 4848
3783 3084
679 3213
886 3920
4358 282
128 4507
1327 2616
3256 830
4181 1817
2312 4408
1920 622
131 3879
4447 2323
4879 4720
3631 3457
1640 4136
2614 2652
2187 333
1786 3961
2045 3138
1804 4769
3880 1165
4776 1451
3343 1899
4707 570
1025 951
4108 4856
3049 2068
65 505
2477 4057
1608 3379
2024 4489
282 4411
4769 4952
2694 2779
1897 4155
397 1890
1164 1537
2251 2330
1263 2189
1307 2232
2682 301
1654 1522
3486 4233
3192 1800
3364 2321
1145 4533
2471 239
398 290
38 1970
698 2245
2508 242
1649 2238
218 3742
3036 1795
4958 262
2932 920
1062 3609
3267 4845
3296 1870
2058 3281
4935 4452
702 2256
953 3558
359 4068
115 998
4397 2302
1978 4749
4543 2127
4106 1860
248 1756
2352 4401
2486 954
409 4599
3988 1087
4227 3318
2982 2740
3307 2271
1337 3790
2106 3069
2601 3048
4062 1157
1117 1279
4948 4404
2499 3939
3357 3970
2701 4568
4755 1730
4324 460
3843 3045
634 1926
1286 1623
4443 1091
2154 4291
2129 33
2091 1727
2454 1550
4660 3196
3920 3157
3999 417
707 2939
1089 1580
488 2114
4364 4487
3880 4374
3377 3753
3758 2398
1527 1109
2628 632
2703 1220
588 372
723 1994
3806 3233
4337 4855
1087 729
849 1315
3564 2653
3754 3982
3712 1770
1014 2816
2981 3537
2497 684
4505 3392
330 3352
72 4548
4621 4506
2666 3610
2437 3787
2265 2283
749 37
638 2421
1461 4151
4322 130
3869 4992
3165 217
3082 4878
2903 971
4919 1288
1806 1072
3734 1542
4947 2518
893 2539
184 2079
4967 1184
3372 2617
2471 644
2575 2687
1995 4098
2855 2512
3748 1332
3536 3893
3116 1055
3154 1347
717 4649
4627 3866
1993 1958
4355 3932
1893 559
1211 2188
4420 1846
3239 3791
4877 3519
4306 1717
213 1746
283 4
2170 2880
1516 4342
4812 2427
2575 3868
1183 934
743 864
2687 3291
4783 864
386 482
4026 858
3124 3
2347 2526
3028 709
2398 4477
2162 2251
2191 966
3824 3797
2993 3576
1539 2208
1283 3450
3447 1945
3830 3440
3219 3286
3542 1953
1508 801
3054 4121
4571 3559
3067 613
4294 2756
4527 4950
2381 4257
1667 3453
261 3065
724 2826
801 4736
3081 1716
1220 3673
1803 3728
1130 4911
3181 2068
4003 2405
737 1718
817 3404
2388 338